1 - 2: [[1, 5026, 1206, 2], [1, 14869, 1206, 2], [1, 16013, 1206, 2], [1, 49698, 1206, 2], [1, 49698, 5979, 2]]
1 - 3: [[1, 44566, 3]]
1 - 4: [[1, 5026, 4582, 4], [1, 16013, 110, 4], [1, 19932, 110, 4], [1, 49698, 110, 4], [1, 49698, 5979, 4]]
1 - 5: [[1, 5026, 1206, 12908, 5], [1, 14869, 1206, 12908, 5], [1, 16013, 25160, 27857, 5], [1, 16013, 110, 12908, 5], [1, 16013, 1206, 12908, 5], [1, 17414, 2542, 12908, 5], [1, 19932, 110, 12908, 5], [1, 19932, 3828, 9379, 5], [1, 19932, 3828, 12908, 5], [1, 19932, 36068, 12908, 5], [1, 44238, 3828, 9379, 5], [1, 44238, 3828, 12908, 5], [1, 44552, 36068, 12908, 5], [1, 46814, 3828, 9379, 5], [1, 46814, 3828, 12908, 5], [1, 49698, 110, 12908, 5], [1, 49698, 1108, 27857, 5], [1, 49698, 1206, 12908, 5], [1, 49698, 1288, 12908, 5], [1, 49698, 3364, 27857, 5], [1, 49698, 8493, 12908, 5], [1, 49698, 8493, 40660, 5], [1, 49698, 18495, 27857, 5], [1, 49698, 25160, 27857, 5], [1, 62917, 14727, 34066, 5]]
1 - 6: [[1, 44566, 6]]
1 - 7: [[1, 5026, 1206, 329, 7], [1, 14869, 1206, 329, 7], [1, 16013, 1206, 329, 7], [1, 16013, 1276, 329, 7], [1, 16013, 1614, 329, 7], [1, 49698, 429, 329, 7], [1, 49698, 1108, 329, 7], [1, 49698, 1206, 329, 7], [1, 49698, 1276, 329, 7], [1, 49698, 1614, 329, 7], [1, 49698, 2353, 329, 7], [1, 49698, 2508, 329, 7], [1, 49698, 2716, 329, 7], [1, 49698, 3530, 329, 7], [1, 49698, 11083, 329, 7], [1, 49698, 20201, 329, 7], [1, 49698, 25160, 329, 7], [1, 49698, 27029, 329, 7], [1, 49698, 38262, 329, 7]]
1 - 8: [[1, 5026, 1206, 8], [1, 14869, 1033, 8], [1, 14869, 1206, 8], [1, 16013, 1206, 8], [1, 49698, 1033, 8], [1, 49698, 1206, 8]]
1 - 9: [[1, 5026, 800, 9], [1, 5026, 1206, 9], [1, 14869, 989, 9], [1, 14869, 1206, 9], [1, 16013, 110, 9], [1, 16013, 1206, 9], [1, 19932, 110, 9], [1, 49698, 110, 9], [1, 49698, 1206, 9]]
1 - 10: [[1, 5026, 1206, 2444, 10], [1, 14869, 989, 2444, 10], [1, 14869, 1033, 2444, 10], [1, 14869, 1206, 2444, 10], [1, 14869, 2271, 2444, 10], [1, 16013, 110, 2444, 10], [1, 16013, 1206, 2444, 10], [1, 16013, 1276, 2444, 10], [1, 16013, 1276, 28717, 10], [1, 16013, 1614, 2444, 10], [1, 16013, 1614, 28717, 10], [1, 16013, 11239, 28717, 10], [1, 17414, 2271, 2444, 10], [1, 17414, 2542, 2444, 10], [1, 19932, 110, 2444, 10], [1, 19932, 2271, 2444, 10], [1, 19932, 3828, 28717, 10], [1, 19932, 26207, 28717, 10], [1, 44238, 3828, 28717, 10], [1, 46814, 3828, 28717, 10], [1, 48458, 5638, 28717, 10], [1, 49698, 110, 2444, 10], [1, 49698, 429, 2444, 10], [1, 49698, 1033, 2444, 10], [1, 49698, 1206, 2444, 10], [1, 49698, 1276, 2444, 10], [1, 49698, 1276, 28717, 10], [1, 49698, 1614, 2444, 10], [1, 49698, 1614, 28717, 10], [1, 49698, 1723, 28717, 10], [1, 49698, 2267, 2444, 10], [1, 49698, 2267, 28717, 10], [1, 49698, 2411, 2444, 10], [1, 49698, 2508, 28717, 10], [1, 49698, 2508, 2444, 10], [1, 49698, 2716, 28717, 10], [1, 49698, 2933, 2444, 10], [1, 49698, 3507, 2444, 10], [1, 49698, 3530, 2444, 10], [1, 49698, 3720, 28717, 10], [1, 49698, 5638, 28717, 10], [1, 49698, 5979, 2444, 10], [1, 49698, 11083, 28717, 10], [1, 49698, 11239, 28717, 10], [1, 49698, 18306, 28717, 10], [1, 49698, 20201, 28717, 10], [1, 49698, 20201, 2444, 10], [1, 49698, 20822, 28717, 10], [1, 49698, 22467, 28717, 10], [1, 49698, 25160, 2444, 10], [1, 49698, 27029, 28717, 10], [1, 49698, 38262, 28717, 10]]
1 - 11: [[1, 5026, 1206, 11], [1, 5026, 1374, 11], [1, 14869, 1206, 11], [1, 16013, 110, 11], [1, 16013, 1206, 11], [1, 19932, 110, 11], [1, 49698, 110, 11], [1, 49698, 1206, 11], [1, 49698, 2267, 11]]
1 - 12: [[1, 5026, 289, 12]]
1 - 13: [[1, 5026, 1374, 13], [1, 16013, 110, 13], [1, 19932, 110, 13], [1, 49698, 110, 13]]
1 - 15: [[1, 5026, 158, 15]]
1 - 16: [[1, 5026, 10585, 16]]
1 - 17: [[1, 16013, 110, 17], [1, 19932, 110, 17], [1, 49698, 110, 17]]
1 - 18: [[1, 5026, 1206, 18], [1, 14869, 1206, 18], [1, 14869, 2271, 18], [1, 16013, 1206, 18], [1, 17414, 2271, 18], [1, 19932, 2271, 18], [1, 49698, 1206, 18]]
1 - 19: [[1, 5026, 1374, 19], [1, 16013, 110, 19], [1, 19932, 110, 19], [1, 49698, 110, 19], [1, 49698, 1288, 19]]
1 - 20: [[1, 5026, 1206, 1426, 20], [1, 5026, 1206, 29430, 20], [1, 5026, 1206, 123, 20], [1, 14869, 989, 123, 20], [1, 14869, 1033, 123, 20], [1, 14869, 1206, 1426, 20], [1, 14869, 1206, 29430, 20], [1, 14869, 1206, 123, 20], [1, 14869, 2271, 29430, 20], [1, 14869, 2271, 123, 20], [1, 14869, 2271, 1426, 20], [1, 16013, 110, 123, 20], [1, 16013, 110, 1426, 20], [1, 16013, 110, 29430, 20], [1, 16013, 1206, 1426, 20], [1, 16013, 1206, 29430, 20], [1, 16013, 1206, 123, 20], [1, 16013, 1276, 123, 20], [1, 16013, 1614, 123, 20], [1, 16013, 1614, 1426, 20], [1, 16013, 19481, 123, 20], [1, 17414, 2271, 29430, 20], [1, 17414, 2271, 123, 20], [1, 17414, 2271, 1426, 20], [1, 17414, 2542, 123, 20], [1, 19932, 110, 123, 20], [1, 19932, 110, 1426, 20], [1, 19932, 110, 29430, 20], [1, 19932, 2271, 29430, 20], [1, 19932, 2271, 123, 20], [1, 19932, 2271, 1426, 20], [1, 44238, 3828, 1426, 20], [1, 46814, 3828, 1426, 20], [1, 49698, 110, 123, 20], [1, 49698, 110, 1426, 20], [1, 49698, 110, 29430, 20], [1, 49698, 429, 1426, 20], [1, 49698, 429, 123, 20], [1, 49698, 1033, 123, 20], [1, 49698, 1206, 1426, 20], [1, 49698, 1206, 29430, 20], [1, 49698, 1206, 123, 20], [1, 49698, 1276, 123, 20], [1, 49698, 1288, 123, 20], [1, 49698, 1614, 123, 20], [1, 49698, 1614, 1426, 20], [1, 49698, 1723, 123, 20], [1, 49698, 2267, 123, 20], [1, 49698, 2267, 1426, 20], [1, 49698, 2411, 123, 20], [1, 49698, 2508, 123, 20], [1, 49698, 2508, 1426, 20], [1, 49698, 2716, 123, 20], [1, 49698, 5979, 123, 20], [1, 49698, 38262, 123, 20]]
1 - 22: [[1, 5026, 22]]
1 - 24: [[1, 5026, 1374, 24], [1, 16013, 110, 24], [1, 19932, 110, 24], [1, 49698, 110, 24]]
1 - 25: [[1, 5026, 4582, 25]]
1 - 26: [[1, 5026, 12601, 26], [1, 5026, 1206, 26], [1, 14869, 1206, 26], [1, 16013, 110, 26], [1, 16013, 1206, 26], [1, 19932, 110, 26], [1, 49698, 110, 26], [1, 49698, 1206, 26]]
1 - 28: [[1, 5026, 800, 28]]
1 - 29: [[1, 5026, 800, 29]]
1 - 30: [[1, 17414, 2542, 30]]
1 - 31: [[1, 5026, 1374, 31], [1, 16013, 110, 31], [1, 19932, 110, 31], [1, 49698, 110, 31]]
1 - 32: [[1, 5026, 1206, 32], [1, 14869, 1206, 32], [1, 16013, 1206, 32], [1, 49698, 1206, 32]]
1 - 34: [[1, 5026, 34]]
1 - 35: [[1, 5026, 1206, 35], [1, 14869, 1033, 35], [1, 14869, 1206, 35], [1, 14869, 2271, 35], [1, 16013, 27029, 35], [1, 16013, 1206, 35], [1, 16013, 1276, 35], [1, 16013, 1614, 35], [1, 17414, 2271, 35], [1, 19932, 2271, 35], [1, 19932, 26207, 35], [1, 48458, 5638, 35], [1, 49698, 1033, 35], [1, 49698, 1108, 35], [1, 49698, 1206, 35], [1, 49698, 1276, 35], [1, 49698, 1288, 35], [1, 49698, 1614, 35], [1, 49698, 1723, 35], [1, 49698, 2411, 35], [1, 49698, 2508, 35], [1, 49698, 2716, 35], [1, 49698, 2933, 35], [1, 49698, 3530, 35], [1, 49698, 5638, 35], [1, 49698, 5979, 35], [1, 49698, 6512, 35], [1, 49698, 11083, 35], [1, 49698, 18306, 35], [1, 49698, 20201, 35], [1, 49698, 20822, 35], [1, 49698, 22467, 35], [1, 49698, 25160, 35], [1, 49698, 27029, 35], [1, 49698, 38262, 35]]
1 - 39: [[1, 5026, 39]]
1 - 40: [[1, 5026, 4448, 963, 40], [1, 5026, 800, 268, 40], [1, 14869, 1033, 129, 40], [1, 16013, 2508, 129, 40], [1, 49698, 1033, 129, 40], [1, 49698, 1723, 129, 40], [1, 49698, 2508, 129, 40], [1, 49698, 2716, 129, 40]]
1 - 42: [[1, 5026, 1206, 123, 42], [1, 14869, 989, 123, 42], [1, 14869, 1033, 123, 42], [1, 14869, 1206, 123, 42], [1, 14869, 2271, 123, 42], [1, 16013, 110, 123, 42], [1, 16013, 1206, 123, 42], [1, 16013, 1276, 123, 42], [1, 16013, 1614, 123, 42], [1, 16013, 19481, 123, 42], [1, 17414, 2271, 123, 42], [1, 17414, 2542, 123, 42], [1, 19932, 110, 123, 42], [1, 19932, 2271, 123, 42], [1, 49698, 110, 123, 42], [1, 49698, 429, 123, 42], [1, 49698, 1033, 123, 42], [1, 49698, 1206, 123, 42], [1, 49698, 1276, 123, 42], [1, 49698, 1288, 123, 42], [1, 49698, 1614, 123, 42], [1, 49698, 1723, 123, 42], [1, 49698, 2267, 123, 42], [1, 49698, 2411, 123, 42], [1, 49698, 2508, 123, 42], [1, 49698, 2716, 123, 42], [1, 49698, 5979, 123, 42], [1, 49698, 38262, 123, 42]]
1 - 43: [[1, 5026, 4448, 43], [1, 5026, 158, 43]]
1 - 45: [[1, 5026, 800, 45]]
1 - 46: [[1, 5026, 46]]
1 - 48: [[1, 5026, 48]]
1 - 49: [[1, 5026, 49]]
1 - 50: [[1, 5026, 1206, 50], [1, 14869, 1206, 50], [1, 14869, 2271, 50], [1, 16013, 110, 50], [1, 16013, 1206, 50], [1, 17414, 2271, 50], [1, 19932, 110, 50], [1, 19932, 2271, 50], [1, 49698, 110, 50], [1, 49698, 429, 50], [1, 49698, 1206, 50], [1, 49698, 2508, 50], [1, 49698, 2933, 50]]
1 - 51: [[1, 5026, 4471, 51]]
1 - 52: [[1, 5026, 1206, 52], [1, 14869, 1206, 52], [1, 16013, 1206, 52], [1, 49698, 1206, 52]]
1 - 53: [[1, 5026, 6689, 53]]
1 - 56: [[1, 5026, 4582, 56], [1, 5026, 1206, 56], [1, 14869, 1206, 56], [1, 16013, 1206, 56], [1, 49698, 1206, 56]]
1 - 57: [[1, 17414, 2542, 57]]
1 - 58: [[1, 5026, 1206, 58], [1, 14869, 1206, 58], [1, 16013, 110, 58], [1, 16013, 1206, 58], [1, 16013, 11127, 58], [1, 19932, 110, 58], [1, 19932, 9442, 58], [1, 48458, 5638, 58], [1, 49698, 50010, 58], [1, 49698, 110, 58], [1, 49698, 1206, 58], [1, 49698, 3052, 58], [1, 49698, 5638, 58], [1, 49698, 11127, 58], [1, 49698, 47857, 58]]
1 - 60: [[1, 49698, 350, 1381, 60]]
1 - 61: [[1, 5026, 1206, 61], [1, 14869, 1206, 61], [1, 16013, 1206, 61], [1, 16013, 2508, 61], [1, 49698, 1206, 61], [1, 49698, 2508, 61]]
1 - 62: [[1, 5026, 1206, 62], [1, 14869, 1206, 62], [1, 16013, 1206, 62], [1, 49698, 1206, 62]]
1 - 63: [[1, 5026, 63]]
1 - 66: [[1, 5026, 1206, 66], [1, 14869, 1206, 66], [1, 16013, 1206, 66], [1, 49698, 1206, 66]]
1 - 68: [[1, 5026, 4440, 68], [1, 16013, 110, 68], [1, 16013, 2508, 68], [1, 19932, 110, 68], [1, 49698, 110, 68], [1, 49698, 2508, 68]]
1 - 71: [[1, 5026, 1374, 71], [1, 16013, 110, 71], [1, 19932, 110, 71], [1, 49698, 110, 71]]
1 - 72: [[1, 5026, 1374, 72], [1, 16013, 110, 72], [1, 19932, 110, 72], [1, 49698, 110, 72]]
1 - 73: [[1, 5026, 1206, 73], [1, 14869, 1033, 73], [1, 14869, 1206, 73], [1, 16013, 1206, 73], [1, 49698, 1033, 73], [1, 49698, 1206, 73]]
1 - 74: [[1, 5026, 1206, 74], [1, 14869, 1206, 74], [1, 16013, 110, 74], [1, 16013, 1206, 74], [1, 19932, 110, 74], [1, 49698, 110, 74], [1, 49698, 1206, 74]]
1 - 75: [[1, 14869, 989, 41378, 75], [1, 14869, 2271, 41378, 75], [1, 16013, 1614, 23229, 75], [1, 16013, 1723, 23229, 75], [1, 17414, 2271, 41378, 75], [1, 19932, 2271, 41378, 75], [1, 49698, 1614, 23229, 75], [1, 49698, 1723, 23229, 75], [1, 49698, 2508, 23229, 75]]
1 - 76: [[1, 5026, 76]]
1 - 77: [[1, 5026, 4582, 77]]
1 - 78: [[1, 5026, 78]]
1 - 79: [[1, 5026, 6689, 79]]
1 - 80: [[1, 5026, 1206, 123, 80], [1, 5026, 1206, 306, 80], [1, 14869, 989, 123, 80], [1, 14869, 989, 306, 80], [1, 14869, 1033, 123, 80], [1, 14869, 1033, 306, 80], [1, 14869, 1206, 123, 80], [1, 14869, 1206, 306, 80], [1, 14869, 2271, 123, 80], [1, 14869, 2271, 306, 80], [1, 16013, 110, 123, 80], [1, 16013, 110, 306, 80], [1, 16013, 1206, 123, 80], [1, 16013, 1206, 306, 80], [1, 16013, 1276, 123, 80], [1, 16013, 1276, 306, 80], [1, 16013, 1614, 123, 80], [1, 16013, 1614, 306, 80], [1, 16013, 19481, 123, 80], [1, 17414, 2271, 123, 80], [1, 17414, 2271, 306, 80], [1, 17414, 2542, 123, 80], [1, 17414, 2542, 306, 80], [1, 19932, 110, 123, 80], [1, 19932, 110, 306, 80], [1, 19932, 2271, 123, 80], [1, 19932, 2271, 306, 80], [1, 49698, 110, 123, 80], [1, 49698, 110, 306, 80], [1, 49698, 429, 123, 80], [1, 49698, 429, 306, 80], [1, 49698, 1033, 123, 80], [1, 49698, 1033, 306, 80], [1, 49698, 1206, 123, 80], [1, 49698, 1206, 306, 80], [1, 49698, 1276, 123, 80], [1, 49698, 1276, 306, 80], [1, 49698, 1288, 123, 80], [1, 49698, 1614, 123, 80], [1, 49698, 1614, 306, 80], [1, 49698, 1723, 123, 80], [1, 49698, 2267, 123, 80], [1, 49698, 2267, 306, 80], [1, 49698, 2411, 123, 80], [1, 49698, 2411, 306, 80], [1, 49698, 2508, 123, 80], [1, 49698, 2508, 306, 80], [1, 49698, 2716, 123, 80], [1, 49698, 2933, 306, 80], [1, 49698, 5979, 123, 80], [1, 49698, 5979, 306, 80], [1, 49698, 38262, 123, 80], [1, 49698, 38262, 306, 80]]
1 - 81: [[1, 5026, 1206, 81], [1, 14869, 1033, 81], [1, 14869, 1206, 81], [1, 16013, 1206, 81], [1, 16013, 1614, 81], [1, 16013, 2508, 81], [1, 17414, 2542, 81], [1, 19932, 3828, 81], [1, 44238, 3828, 81], [1, 46814, 3828, 81], [1, 49698, 429, 81], [1, 49698, 856, 81], [1, 49698, 1033, 81], [1, 49698, 1206, 81], [1, 49698, 1614, 81], [1, 49698, 2508, 81], [1, 49698, 2757, 81], [1, 49698, 2933, 81], [1, 49698, 3259, 81]]
1 - 82: [[1, 5026, 4471, 82], [1, 5026, 1206, 82], [1, 14869, 1206, 82], [1, 16013, 110, 82], [1, 16013, 1206, 82], [1, 19932, 110, 82], [1, 49698, 110, 82], [1, 49698, 1206, 82]]
1 - 83: [[1, 49698, 83]]
1 - 87: [[1, 5026, 1206, 87], [1, 14869, 1206, 87], [1, 16013, 1206, 87], [1, 49698, 1206, 87]]
1 - 88: [[1, 17414, 2542, 88], [1, 19932, 3828, 88], [1, 44238, 3828, 88], [1, 46814, 3828, 88]]
1 - 89: [[1, 5026, 800, 268, 89], [1, 5026, 1206, 12800, 89], [1, 14869, 1033, 129, 89], [1, 14869, 1206, 12800, 89], [1, 16013, 1206, 12800, 89], [1, 16013, 2508, 129, 89], [1, 17414, 2542, 12800, 89], [1, 49698, 1033, 129, 89], [1, 49698, 1206, 12800, 89], [1, 49698, 1723, 129, 89], [1, 49698, 2508, 129, 89], [1, 49698, 2716, 129, 89]]
1 - 90: [[1, 5026, 800, 90]]
1 - 92: [[1, 5026, 11368, 92], [1, 16013, 110, 92], [1, 19932, 110, 92], [1, 49698, 110, 92], [1, 49698, 429, 92], [1, 49698, 2508, 92], [1, 49698, 3530, 92]]
