1 - 5217: [[1, 5026, 1206, 29430, 5217], [1, 14869, 989, 42195, 5217], [1, 14869, 1206, 29430, 5217], [1, 14869, 2271, 29430, 5217], [1, 14869, 2271, 42195, 5217], [1, 16013, 110, 29430, 5217], [1, 16013, 110, 42195, 5217], [1, 16013, 1206, 29430, 5217], [1, 17414, 2271, 29430, 5217], [1, 17414, 2271, 42195, 5217], [1, 19932, 110, 29430, 5217], [1, 19932, 110, 42195, 5217], [1, 19932, 2271, 29430, 5217], [1, 19932, 2271, 42195, 5217], [1, 49698, 110, 29430, 5217], [1, 49698, 110, 42195, 5217], [1, 49698, 1206, 29430, 5217], [1, 49698, 2508, 42195, 5217]]
1 - 5218: [[1, 5026, 1206, 5218], [1, 14869, 1206, 5218], [1, 16013, 1206, 5218], [1, 49698, 1206, 5218]]
1 - 5221: [[1, 14869, 1033, 6515, 5221], [1, 14869, 2271, 6515, 5221], [1, 16013, 110, 4591, 5221], [1, 16013, 110, 6515, 5221], [1, 17414, 2271, 6515, 5221], [1, 17414, 2542, 6515, 5221], [1, 19932, 110, 4591, 5221], [1, 19932, 110, 6515, 5221], [1, 19932, 2271, 6515, 5221], [1, 49698, 110, 4591, 5221], [1, 49698, 110, 6515, 5221], [1, 49698, 429, 4591, 5221], [1, 49698, 429, 6515, 5221], [1, 49698, 1033, 6515, 5221], [1, 49698, 2933, 6515, 5221]]
1 - 5222: [[1, 16013, 110, 5222], [1, 19932, 110, 5222], [1, 49698, 110, 5222]]
1 - 5223: [[1, 5026, 1206, 12733, 5223], [1, 5026, 1206, 19809, 5223], [1, 5026, 1206, 306, 5223], [1, 14869, 989, 306, 5223], [1, 14869, 1033, 306, 5223], [1, 14869, 1206, 12733, 5223], [1, 14869, 1206, 19809, 5223], [1, 14869, 1206, 306, 5223], [1, 14869, 2271, 306, 5223], [1, 16013, 110, 306, 5223], [1, 16013, 1206, 12733, 5223], [1, 16013, 1206, 19809, 5223], [1, 16013, 1206, 306, 5223], [1, 16013, 1276, 306, 5223], [1, 16013, 1614, 306, 5223], [1, 17414, 2271, 306, 5223], [1, 17414, 2542, 306, 5223], [1, 19932, 110, 306, 5223], [1, 19932, 2271, 306, 5223], [1, 49698, 110, 306, 5223], [1, 49698, 429, 306, 5223], [1, 49698, 1033, 306, 5223], [1, 49698, 1206, 12733, 5223], [1, 49698, 1206, 19809, 5223], [1, 49698, 1206, 306, 5223], [1, 49698, 1276, 306, 5223], [1, 49698, 1614, 306, 5223], [1, 49698, 2267, 306, 5223], [1, 49698, 2411, 306, 5223], [1, 49698, 2508, 306, 5223], [1, 49698, 2933, 12733, 5223], [1, 49698, 2933, 19809, 5223], [1, 49698, 2933, 306, 5223], [1, 49698, 5979, 306, 5223], [1, 49698, 38262, 306, 5223]]
1 - 5224: [[1, 5026, 76, 5224], [1, 5026, 29102, 5224]]
1 - 5225: [[1, 5026, 1206, 123, 5225], [1, 5026, 1206, 306, 5225], [1, 14869, 989, 123, 5225], [1, 14869, 989, 306, 5225], [1, 14869, 1033, 123, 5225], [1, 14869, 1033, 306, 5225], [1, 14869, 1206, 123, 5225], [1, 14869, 1206, 306, 5225], [1, 14869, 2271, 123, 5225], [1, 14869, 2271, 306, 5225], [1, 16013, 110, 123, 5225], [1, 16013, 110, 306, 5225], [1, 16013, 1206, 123, 5225], [1, 16013, 1206, 306, 5225], [1, 16013, 1276, 123, 5225], [1, 16013, 1276, 306, 5225], [1, 16013, 1614, 123, 5225], [1, 16013, 1614, 306, 5225], [1, 16013, 19481, 123, 5225], [1, 17414, 2271, 123, 5225], [1, 17414, 2271, 306, 5225], [1, 17414, 2542, 123, 5225], [1, 17414, 2542, 306, 5225], [1, 19932, 110, 123, 5225], [1, 19932, 110, 306, 5225], [1, 19932, 2271, 123, 5225], [1, 19932, 2271, 306, 5225], [1, 49698, 110, 123, 5225], [1, 49698, 110, 306, 5225], [1, 49698, 429, 123, 5225], [1, 49698, 429, 306, 5225], [1, 49698, 1033, 123, 5225], [1, 49698, 1033, 306, 5225], [1, 49698, 1206, 123, 5225], [1, 49698, 1206, 306, 5225], [1, 49698, 1276, 123, 5225], [1, 49698, 1276, 306, 5225], [1, 49698, 1288, 123, 5225], [1, 49698, 1614, 123, 5225], [1, 49698, 1614, 306, 5225], [1, 49698, 1723, 123, 5225], [1, 49698, 2267, 123, 5225], [1, 49698, 2267, 306, 5225], [1, 49698, 2411, 123, 5225], [1, 49698, 2411, 306, 5225], [1, 49698, 2508, 123, 5225], [1, 49698, 2508, 306, 5225], [1, 49698, 2716, 123, 5225], [1, 49698, 2933, 306, 5225], [1, 49698, 5979, 123, 5225], [1, 49698, 5979, 306, 5225], [1, 49698, 38262, 123, 5225], [1, 49698, 38262, 306, 5225]]
1 - 5226: [[1, 49698, 429, 5226], [1, 49698, 2508, 5226]]
1 - 5227: [[1, 5026, 1206, 2219, 5227], [1, 5026, 1206, 272, 5227], [1, 14869, 989, 272, 5227], [1, 14869, 1033, 272, 5227], [1, 14869, 1206, 2219, 5227], [1, 14869, 1206, 272, 5227], [1, 14869, 2271, 272, 5227], [1, 14869, 2271, 2219, 5227], [1, 16013, 110, 272, 5227], [1, 16013, 110, 2219, 5227], [1, 16013, 110, 2248, 5227], [1, 16013, 1206, 2219, 5227], [1, 16013, 1206, 272, 5227], [1, 16013, 1276, 2219, 5227], [1, 16013, 1276, 272, 5227], [1, 16013, 1614, 2219, 5227], [1, 16013, 1614, 272, 5227], [1, 17414, 2271, 272, 5227], [1, 17414, 2271, 2219, 5227], [1, 17414, 2542, 272, 5227], [1, 19932, 110, 272, 5227], [1, 19932, 110, 2219, 5227], [1, 19932, 110, 2248, 5227], [1, 19932, 2271, 272, 5227], [1, 19932, 2271, 2219, 5227], [1, 49698, 110, 272, 5227], [1, 49698, 110, 2219, 5227], [1, 49698, 110, 2248, 5227], [1, 49698, 429, 272, 5227], [1, 49698, 429, 2219, 5227], [1, 49698, 1033, 272, 5227], [1, 49698, 1206, 2219, 5227], [1, 49698, 1206, 272, 5227], [1, 49698, 1276, 2219, 5227], [1, 49698, 1276, 272, 5227], [1, 49698, 1614, 2219, 5227], [1, 49698, 1614, 272, 5227], [1, 49698, 1723, 2219, 5227], [1, 49698, 2267, 272, 5227], [1, 49698, 2267, 2219, 5227], [1, 49698, 2508, 272, 5227], [1, 49698, 2508, 2219, 5227], [1, 49698, 2508, 2248, 5227], [1, 49698, 2933, 272, 5227], [1, 49698, 2933, 2219, 5227], [1, 49698, 3139, 2219, 5227], [1, 49698, 3507, 2219, 5227], [1, 49698, 3530, 2219, 5227], [1, 49698, 20201, 272, 5227], [1, 49698, 20201, 2219, 5227], [1, 49698, 25160, 272, 5227], [1, 49698, 25160, 2219, 5227], [1, 49698, 38262, 2219, 5227]]
1 - 5228: [[1, 5026, 1206, 10257, 5228], [1, 14869, 1033, 10257, 5228], [1, 14869, 1206, 10257, 5228], [1, 14869, 2271, 10257, 5228], [1, 16013, 1206, 10257, 5228], [1, 17414, 2271, 10257, 5228], [1, 19932, 2271, 10257, 5228], [1, 49698, 1033, 10257, 5228], [1, 49698, 1206, 10257, 5228], [1, 49698, 1288, 10257, 5228], [1, 49698, 2267, 4548, 5228]]
1 - 5229: [[1, 5026, 21977, 5229], [1, 14869, 2271, 5229], [1, 17414, 2271, 5229], [1, 19932, 2271, 5229]]
1 - 5230: [[1, 19932, 26207, 5230], [1, 49698, 2508, 5230], [1, 49698, 7246, 5230], [1, 49698, 12314, 5230], [1, 49698, 34155, 5230], [1, 62917, 14727, 5230]]
1 - 5233: [[1, 5026, 1206, 5233], [1, 14869, 1033, 5233], [1, 14869, 1206, 5233], [1, 14869, 2271, 5233], [1, 16013, 1206, 5233], [1, 17414, 2271, 5233], [1, 19932, 2271, 5233], [1, 49698, 1033, 5233], [1, 49698, 1206, 5233]]
1 - 5234: [[1, 5026, 1206, 5234], [1, 14869, 1206, 5234], [1, 16013, 1206, 5234], [1, 49698, 1206, 5234]]
1 - 5235: [[1, 17414, 2542, 5235]]
1 - 5236: [[1, 5026, 1206, 61256, 5236], [1, 14869, 1206, 61256, 5236], [1, 16013, 61398, 61256, 5236], [1, 16013, 1206, 61256, 5236], [1, 19932, 26207, 34335, 5236], [1, 19932, 26207, 61256, 5236], [1, 49698, 61398, 61256, 5236], [1, 49698, 1206, 61256, 5236], [1, 49698, 1288, 34335, 5236], [1, 49698, 1288, 61256, 5236], [1, 49698, 2508, 61256, 5236], [1, 49698, 8493, 34335, 5236], [1, 62917, 14727, 61256, 5236]]
1 - 5237: [[1, 16013, 110, 5237], [1, 16013, 1368, 5237], [1, 19932, 110, 5237], [1, 49698, 110, 5237], [1, 49698, 429, 5237], [1, 49698, 2508, 5237], [1, 49698, 11083, 5237], [1, 49698, 20201, 5237], [1, 49698, 22467, 5237], [1, 49698, 27029, 5237]]
1 - 5238: [[1, 16013, 110, 5238], [1, 19932, 110, 5238], [1, 49698, 110, 5238]]
1 - 5240: [[1, 5026, 1206, 13165, 5240], [1, 14869, 1206, 13165, 5240], [1, 16013, 110, 259, 5240], [1, 16013, 1206, 13165, 5240], [1, 16013, 2508, 259, 5240], [1, 19932, 110, 259, 5240], [1, 49698, 110, 259, 5240], [1, 49698, 1206, 13165, 5240], [1, 49698, 2267, 13165, 5240], [1, 49698, 2508, 259, 5240], [1, 49698, 2508, 13165, 5240]]
1 - 5241: [[1, 5026, 1206, 5374, 5241], [1, 5026, 1206, 6232, 5241], [1, 14869, 1206, 5374, 5241], [1, 14869, 1206, 6232, 5241], [1, 16013, 110, 5374, 5241], [1, 16013, 1206, 5374, 5241], [1, 16013, 1206, 6232, 5241], [1, 19932, 110, 5374, 5241], [1, 49698, 110, 5374, 5241], [1, 49698, 1206, 5374, 5241], [1, 49698, 1206, 6232, 5241], [1, 49698, 1288, 5374, 5241], [1, 49698, 2933, 6232, 5241]]
1 - 5242: [[1, 14869, 2271, 5242], [1, 17414, 2271, 5242], [1, 19932, 2271, 5242]]
1 - 5243: [[1, 16013, 110, 5243], [1, 19932, 110, 5243], [1, 49698, 110, 5243], [1, 49698, 429, 5243], [1, 49698, 2267, 5243]]
1 - 5244: [[1, 14869, 2271, 5244], [1, 16013, 110, 5244], [1, 17414, 2271, 5244], [1, 19932, 110, 5244], [1, 19932, 2271, 5244], [1, 49698, 110, 5244], [1, 49698, 429, 5244]]
1 - 5245: [[1, 49698, 429, 5245]]
1 - 5246: [[1, 17414, 2542, 5246]]
1 - 5249: [[1, 5026, 1206, 29430, 5249], [1, 5026, 1206, 306, 5249], [1, 14869, 989, 306, 5249], [1, 14869, 1033, 306, 5249], [1, 14869, 1206, 29430, 5249], [1, 14869, 1206, 306, 5249], [1, 14869, 2271, 29430, 5249], [1, 14869, 2271, 306, 5249], [1, 16013, 110, 306, 5249], [1, 16013, 110, 29430, 5249], [1, 16013, 1206, 29430, 5249], [1, 16013, 1206, 306, 5249], [1, 16013, 1276, 306, 5249], [1, 16013, 1614, 306, 5249], [1, 17414, 2271, 29430, 5249], [1, 17414, 2271, 306, 5249], [1, 17414, 2542, 306, 5249], [1, 19932, 110, 306, 5249], [1, 19932, 110, 29430, 5249], [1, 19932, 2271, 29430, 5249], [1, 19932, 2271, 306, 5249], [1, 49698, 110, 306, 5249], [1, 49698, 110, 29430, 5249], [1, 49698, 429, 306, 5249], [1, 49698, 1033, 306, 5249], [1, 49698, 1206, 29430, 5249], [1, 49698, 1206, 306, 5249], [1, 49698, 1276, 306, 5249], [1, 49698, 1614, 306, 5249], [1, 49698, 2267, 306, 5249], [1, 49698, 2411, 306, 5249], [1, 49698, 2508, 306, 5249], [1, 49698, 2933, 306, 5249], [1, 49698, 5979, 306, 5249], [1, 49698, 38262, 306, 5249]]
1 - 5250: [[1, 5026, 1206, 5250], [1, 14869, 1206, 5250], [1, 16013, 1206, 5250], [1, 49698, 1206, 5250]]
1 - 5251: [[1, 5026, 76, 4423, 5251], [1, 14869, 2271, 2687, 5251], [1, 17414, 2271, 2687, 5251], [1, 19932, 2271, 2687, 5251]]
1 - 5253: [[1, 5026, 1206, 5253], [1, 14869, 1206, 5253], [1, 16013, 110, 5253], [1, 16013, 1206, 5253], [1, 19932, 110, 5253], [1, 49698, 110, 5253], [1, 49698, 1206, 5253]]
1 - 5254: [[1, 5026, 1206, 5254], [1, 14869, 1206, 5254], [1, 16013, 1206, 5254], [1, 17414, 2542, 5254], [1, 49698, 1206, 5254]]
1 - 5255: [[1, 5026, 1206, 5255], [1, 5026, 1374, 5255], [1, 14869, 1206, 5255], [1, 16013, 110, 5255], [1, 16013, 1206, 5255], [1, 19932, 110, 5255], [1, 49698, 110, 5255], [1, 49698, 1206, 5255]]
1 - 5257: [[1, 43568, 24854, 2728, 5257], [1, 5026, 1206, 11075, 5257], [1, 14869, 1033, 11075, 5257], [1, 14869, 1206, 11075, 5257], [1, 16013, 21938, 2728, 5257], [1, 16013, 110, 11075, 5257], [1, 16013, 1206, 11075, 5257], [1, 16013, 1276, 11075, 5257], [1, 16013, 1723, 11075, 5257], [1, 19932, 110, 11075, 5257], [1, 19932, 26207, 2728, 5257], [1, 19932, 26207, 11075, 5257], [1, 44238, 3828, 11075, 5257], [1, 46814, 3828, 11075, 5257], [1, 49698, 110, 11075, 5257], [1, 49698, 429, 11075, 5257], [1, 49698, 1033, 11075, 5257], [1, 49698, 1108, 11075, 5257], [1, 49698, 1206, 11075, 5257], [1, 49698, 1276, 11075, 5257], [1, 49698, 1723, 11075, 5257], [1, 49698, 2508, 2728, 5257], [1, 49698, 2508, 11075, 5257], [1, 49698, 2933, 11075, 5257], [1, 49698, 3530, 11075, 5257], [1, 49698, 11083, 2728, 5257], [1, 49698, 11083, 11075, 5257], [1, 49698, 18306, 11075, 5257], [1, 49698, 20201, 2728, 5257], [1, 49698, 20201, 11075, 5257], [1, 49698, 20822, 11075, 5257], [1, 49698, 21938, 2728, 5257], [1, 49698, 22467, 2728, 5257], [1, 49698, 22467, 11075, 5257], [1, 49698, 27029, 2728, 5257], [1, 49698, 27029, 11075, 5257], [1, 49698, 38262, 11075, 5257], [1, 49698, 42061, 11075, 5257]]
1 - 5258: [[1, 16013, 110, 5258], [1, 19932, 110, 5258], [1, 49698, 110, 5258]]
1 - 5259: [[1, 5026, 1206, 5259], [1, 14869, 1206, 5259], [1, 16013, 1206, 5259], [1, 49698, 1206, 5259]]
1 - 5260: [[1, 49698, 1288, 5260]]
1 - 5261: [[1, 17414, 2542, 5261]]
1 - 5263: [[1, 16013, 110, 5263], [1, 17414, 2542, 5263], [1, 19932, 110, 5263], [1, 49698, 110, 5263]]
1 - 5264: [[1, 16013, 110, 5264], [1, 16013, 1276, 5264], [1, 19932, 110, 5264], [1, 49698, 110, 5264], [1, 49698, 1276, 5264]]
1 - 5265: [[1, 49698, 429, 5265]]
1 - 5266: [[1, 5026, 1206, 5266], [1, 14869, 1206, 5266], [1, 16013, 1206, 5266], [1, 17414, 2542, 5266], [1, 49698, 1206, 5266]]
1 - 5267: [[1, 16013, 2508, 5267], [1, 49698, 2508, 5267]]
1 - 5268: [[1, 5026, 1206, 2540, 5268], [1, 14869, 1033, 6343, 5268], [1, 14869, 1206, 2540, 5268], [1, 16013, 110, 6343, 5268], [1, 16013, 1206, 2540, 5268], [1, 16013, 2508, 6343, 5268], [1, 19932, 110, 6343, 5268], [1, 49698, 110, 6343, 5268], [1, 49698, 429, 6343, 5268], [1, 49698, 1033, 6343, 5268], [1, 49698, 1206, 2540, 5268], [1, 49698, 1723, 6343, 5268], [1, 49698, 2508, 6343, 5268], [1, 49698, 2933, 2540, 5268], [1, 49698, 3530, 6343, 5268], [1, 49698, 20201, 6343, 5268]]
1 - 5269: [[1, 5026, 1206, 5269], [1, 14869, 1206, 5269], [1, 16013, 1206, 5269], [1, 49698, 1206, 5269]]
1 - 5271: [[1, 5026, 1822, 5271]]
1 - 5272: [[1, 5026, 1206, 5272], [1, 14869, 1206, 5272], [1, 16013, 1206, 5272], [1, 17414, 2542, 5272], [1, 49698, 1206, 5272]]
1 - 5274: [[1, 5026, 1206, 5274], [1, 14869, 1206, 5274], [1, 16013, 1206, 5274], [1, 49698, 1206, 5274]]
1 - 5275: [[1, 16013, 110, 5275], [1, 19932, 110, 5275], [1, 49698, 110, 5275]]
1 - 5276: [[1, 16013, 2508, 5276], [1, 49698, 2508, 5276]]
1 - 5277: [[1, 14869, 1033, 2546, 5277], [1, 16013, 110, 34535, 5277], [1, 19932, 110, 34535, 5277], [1, 49698, 110, 34535, 5277], [1, 49698, 429, 10567, 5277], [1, 49698, 429, 34535, 5277], [1, 49698, 1033, 2546, 5277], [1, 49698, 1723, 10567, 5277], [1, 49698, 2267, 2546, 5277], [1, 49698, 2508, 2546, 5277], [1, 49698, 2508, 10567, 5277], [1, 49698, 2508, 34535, 5277], [1, 49698, 20201, 2546, 5277], [1, 49698, 25160, 2546, 5277]]
1 - 5278: [[1, 5026, 1206, 5278], [1, 14869, 1206, 5278], [1, 16013, 1206, 5278], [1, 19932, 36068, 5278], [1, 44552, 36068, 5278], [1, 49698, 1206, 5278], [1, 49698, 1288, 5278]]
1 - 5279: [[1, 5026, 1206, 5279], [1, 14869, 1206, 5279], [1, 14869, 2271, 5279], [1, 16013, 1206, 5279], [1, 17414, 2271, 5279], [1, 19932, 2271, 5279], [1, 49698, 1206, 5279]]
1 - 5280: [[1, 14869, 2271, 5280], [1, 17414, 2271, 5280], [1, 19932, 2271, 5280]]
1 - 5282: [[1, 16013, 17774, 5282]]
1 - 5283: [[1, 49698, 1288, 5283], [1, 49698, 5979, 5283]]
1 - 5284: [[1, 16013, 110, 5284], [1, 19932, 110, 5284], [1, 49698, 110, 5284], [1, 49698, 2508, 5284]]
1 - 5285: [[1, 14869, 2271, 5285], [1, 17414, 2271, 5285], [1, 19932, 2271, 5285], [1, 49698, 2508, 5285]]
1 - 5287: [[1, 16013, 110, 5287], [1, 16013, 2508, 5287], [1, 19932, 110, 5287], [1, 49698, 110, 5287], [1, 49698, 2508, 5287]]
1 - 5289: [[1, 5026, 1206, 5289], [1, 14869, 989, 5289], [1, 14869, 1206, 5289], [1, 16013, 1206, 5289], [1, 49698, 1206, 5289]]
1 - 5292: [[1, 16013, 110, 5292], [1, 19932, 110, 5292], [1, 49698, 110, 5292]]
1 - 5293: [[1, 49698, 1288, 5293]]
1 - 5294: [[1, 17414, 2542, 5294]]
1 - 5295: [[1, 14869, 1033, 5295], [1, 16013, 110, 5295], [1, 19932, 110, 5295], [1, 49698, 110, 5295], [1, 49698, 1033, 5295]]
1 - 5296: [[1, 5026, 1206, 2007, 5296], [1, 5026, 1206, 10820, 5296], [1, 14869, 989, 2007, 5296], [1, 14869, 1033, 2007, 5296], [1, 14869, 1206, 2007, 5296], [1, 14869, 1206, 10820, 5296], [1, 14869, 2271, 2007, 5296], [1, 16013, 110, 10820, 5296], [1, 16013, 1206, 2007, 5296], [1, 16013, 1206, 10820, 5296], [1, 16013, 1276, 2007, 5296], [1, 16013, 1276, 10820, 5296], [1, 16013, 1614, 10820, 5296], [1, 16013, 2508, 10820, 5296], [1, 17414, 2271, 2007, 5296], [1, 17414, 2542, 2007, 5296], [1, 19932, 110, 10820, 5296], [1, 19932, 2271, 2007, 5296], [1, 49698, 110, 10820, 5296], [1, 49698, 429, 10820, 5296], [1, 49698, 1033, 2007, 5296], [1, 49698, 1206, 2007, 5296], [1, 49698, 1206, 10820, 5296], [1, 49698, 1276, 2007, 5296], [1, 49698, 1276, 10820, 5296], [1, 49698, 1614, 10820, 5296], [1, 49698, 1723, 10820, 5296], [1, 49698, 2267, 10820, 5296], [1, 49698, 2508, 10820, 5296], [1, 49698, 2508, 2007, 5296], [1, 49698, 2933, 10820, 5296], [1, 49698, 3530, 10820, 5296], [1, 49698, 25160, 10820, 5296]]
1 - 5299: [[1, 5026, 1206, 5299], [1, 14869, 1206, 5299], [1, 16013, 1206, 5299], [1, 49698, 1206, 5299], [1, 49698, 2123, 5299]]
1 - 5300: [[1, 5026, 1206, 5300], [1, 14869, 1206, 5300], [1, 16013, 1206, 5300], [1, 17414, 2542, 5300], [1, 49698, 1206, 5300]]
1 - 5301: [[1, 5026, 1206, 5301], [1, 14869, 1206, 5301], [1, 16013, 110, 5301], [1, 16013, 1206, 5301], [1, 19932, 110, 5301], [1, 49698, 110, 5301], [1, 49698, 1206, 5301]]
1 - 5302: [[1, 5026, 1206, 5302], [1, 14869, 1206, 5302], [1, 14869, 2271, 5302], [1, 16013, 1206, 5302], [1, 17414, 2271, 5302], [1, 19932, 2271, 5302], [1, 49698, 1206, 5302]]
1 - 5303: [[1, 5026, 1206, 5303], [1, 14869, 1206, 5303], [1, 14869, 2271, 5303], [1, 16013, 1206, 5303], [1, 17414, 2271, 5303], [1, 19932, 2271, 5303], [1, 49698, 1206, 5303]]
1 - 5305: [[1, 16013, 110, 41766, 5305], [1, 19932, 110, 41766, 5305], [1, 49698, 110, 41766, 5305], [1, 49698, 2411, 16083, 5305], [1, 49698, 5979, 16083, 5305]]
1 - 5306: [[1, 16013, 110, 5306], [1, 16013, 2508, 5306], [1, 19932, 110, 5306], [1, 49698, 110, 5306], [1, 49698, 2508, 5306]]
1 - 5307: [[1, 14869, 1033, 6530, 5307], [1, 16013, 2508, 6530, 5307], [1, 49698, 429, 6530, 5307], [1, 49698, 1033, 6530, 5307], [1, 49698, 2508, 6530, 5307]]
1 - 5308: [[1, 16013, 110, 5308], [1, 19932, 110, 5308], [1, 49698, 110, 5308]]
1 - 5309: [[1, 17414, 2542, 5309]]
1 - 5311: [[1, 5026, 76, 5311], [1, 5026, 4582, 5311], [1, 5026, 6689, 5311], [1, 5026, 8625, 5311], [1, 16013, 110, 5311], [1, 19932, 110, 5311], [1, 49698, 110, 5311]]
1 - 5312: [[1, 5026, 1206, 2671, 5312], [1, 5026, 1206, 10257, 5312], [1, 14869, 1033, 10257, 5312], [1, 14869, 1206, 2671, 5312], [1, 14869, 1206, 10257, 5312], [1, 14869, 2271, 2671, 5312], [1, 14869, 2271, 10257, 5312], [1, 16013, 110, 2671, 5312], [1, 16013, 1206, 2671, 5312], [1, 16013, 1206, 10257, 5312], [1, 17414, 2271, 2671, 5312], [1, 17414, 2271, 10257, 5312], [1, 19932, 110, 2671, 5312], [1, 19932, 2271, 2671, 5312], [1, 19932, 2271, 10257, 5312], [1, 49698, 110, 2671, 5312], [1, 49698, 1033, 10257, 5312], [1, 49698, 1206, 2671, 5312], [1, 49698, 1206, 10257, 5312], [1, 49698, 1288, 10257, 5312]]
1 - 5313: [[1, 16013, 110, 5313], [1, 19932, 110, 5313], [1, 49698, 110, 5313]]
1 - 5314: [[1, 49698, 2267, 5314], [1, 49698, 2411, 5314], [1, 49698, 5979, 5314]]
1 - 5315: [[1, 14869, 2271, 5315], [1, 16013, 2508, 5315], [1, 17414, 2271, 5315], [1, 19932, 2271, 5315], [1, 49698, 2508, 5315]]
1 - 5316: [[1, 49698, 1288, 5316]]
1 - 5318: [[1, 49698, 1481, 5318]]
1 - 5319: [[1, 5026, 1206, 5319], [1, 14869, 1206, 5319], [1, 16013, 110, 5319], [1, 16013, 1206, 5319], [1, 17414, 2542, 5319], [1, 19932, 110, 5319], [1, 49698, 110, 5319], [1, 49698, 1206, 5319]]
1 - 5320: [[1, 16013, 110, 5320], [1, 19932, 110, 5320], [1, 49698, 110, 5320], [1, 49698, 1288, 5320]]
1 - 5321: [[1, 17414, 2542, 8669, 5321], [1, 17414, 2542, 8861, 5321]]
1 - 5322: [[1, 17414, 2542, 5322]]
1 - 5323: [[1, 14869, 989, 5323]]
1 - 5324: [[1, 49698, 1288, 5324]]
1 - 5326: [[1, 5026, 1206, 5326], [1, 14869, 1206, 5326], [1, 16013, 1206, 5326], [1, 17414, 2542, 5326], [1, 49698, 1206, 5326]]
1 - 5327: [[1, 16013, 110, 5327], [1, 19932, 110, 5327], [1, 49698, 110, 5327]]
1 - 5328: [[1, 16013, 2508, 5328], [1, 49698, 429, 5328], [1, 49698, 2508, 5328]]
1 - 5329: [[1, 5026, 1206, 12800, 5329], [1, 14869, 1206, 12800, 5329], [1, 14869, 2271, 12735, 5329], [1, 16013, 110, 12735, 5329], [1, 16013, 1206, 12800, 5329], [1, 17414, 2271, 12735, 5329], [1, 17414, 2542, 12800, 5329], [1, 19932, 110, 12735, 5329], [1, 19932, 2271, 12735, 5329], [1, 49698, 110, 12735, 5329], [1, 49698, 1206, 12800, 5329]]
1 - 5330: [[1, 5026, 1206, 5330], [1, 14869, 1033, 5330], [1, 14869, 1206, 5330], [1, 16013, 110, 5330], [1, 16013, 1206, 5330], [1, 19932, 110, 5330], [1, 49698, 110, 5330], [1, 49698, 1033, 5330], [1, 49698, 1206, 5330], [1, 49698, 2508, 5330]]
1 - 5331: [[1, 5026, 1206, 12800, 5331], [1, 14869, 1206, 12800, 5331], [1, 16013, 110, 15187, 5331], [1, 16013, 1206, 12800, 5331], [1, 16013, 2508, 15187, 5331], [1, 17414, 2542, 12800, 5331], [1, 17414, 2542, 15187, 5331], [1, 19932, 110, 15187, 5331], [1, 49698, 110, 15187, 5331], [1, 49698, 1206, 12800, 5331], [1, 49698, 2508, 15187, 5331], [1, 49698, 2933, 15187, 5331]]
1 - 5334: [[1, 5026, 1206, 123, 5334], [1, 5026, 1206, 306, 5334], [1, 14869, 989, 123, 5334], [1, 14869, 989, 306, 5334], [1, 14869, 1033, 123, 5334], [1, 14869, 1033, 306, 5334], [1, 14869, 1206, 123, 5334], [1, 14869, 1206, 306, 5334], [1, 14869, 2271, 123, 5334], [1, 14869, 2271, 306, 5334], [1, 16013, 110, 123, 5334], [1, 16013, 110, 306, 5334], [1, 16013, 1206, 123, 5334], [1, 16013, 1206, 306, 5334], [1, 16013, 1276, 123, 5334], [1, 16013, 1276, 306, 5334], [1, 16013, 1614, 123, 5334], [1, 16013, 1614, 306, 5334], [1, 16013, 19481, 123, 5334], [1, 17414, 2271, 123, 5334], [1, 17414, 2271, 306, 5334], [1, 17414, 2542, 123, 5334], [1, 17414, 2542, 306, 5334], [1, 19932, 110, 123, 5334], [1, 19932, 110, 306, 5334], [1, 19932, 2271, 123, 5334], [1, 19932, 2271, 306, 5334], [1, 49698, 110, 123, 5334], [1, 49698, 110, 306, 5334], [1, 49698, 429, 123, 5334], [1, 49698, 429, 306, 5334], [1, 49698, 1033, 123, 5334], [1, 49698, 1033, 306, 5334], [1, 49698, 1206, 123, 5334], [1, 49698, 1206, 306, 5334], [1, 49698, 1276, 123, 5334], [1, 49698, 1276, 306, 5334], [1, 49698, 1288, 123, 5334], [1, 49698, 1614, 123, 5334], [1, 49698, 1614, 306, 5334], [1, 49698, 1723, 123, 5334], [1, 49698, 2267, 123, 5334], [1, 49698, 2267, 306, 5334], [1, 49698, 2411, 123, 5334], [1, 49698, 2411, 306, 5334], [1, 49698, 2508, 123, 5334], [1, 49698, 2508, 306, 5334], [1, 49698, 2716, 123, 5334], [1, 49698, 2933, 306, 5334], [1, 49698, 5979, 123, 5334], [1, 49698, 5979, 306, 5334], [1, 49698, 38262, 123, 5334], [1, 49698, 38262, 306, 5334]]
1 - 5335: [[1, 49698, 2508, 5335]]
1 - 5336: [[1, 5026, 1206, 5336], [1, 14869, 1206, 5336], [1, 16013, 1206, 5336], [1, 49698, 1206, 5336]]
1 - 5338: [[1, 14869, 2271, 5338], [1, 16013, 110, 5338], [1, 17414, 2271, 5338], [1, 19932, 110, 5338], [1, 19932, 2271, 5338], [1, 49698, 110, 5338], [1, 49698, 2508, 5338]]
1 - 5339: [[1, 17414, 2542, 5339]]
1 - 5340: [[1, 5026, 1206, 1500, 5340], [1, 5026, 1206, 15226, 5340], [1, 14869, 989, 1500, 5340], [1, 14869, 1206, 1500, 5340], [1, 14869, 1206, 15226, 5340], [1, 16013, 110, 1500, 5340], [1, 16013, 1206, 1500, 5340], [1, 16013, 1206, 15226, 5340], [1, 19932, 110, 1500, 5340], [1, 49698, 110, 1500, 5340], [1, 49698, 1206, 1500, 5340], [1, 49698, 1206, 15226, 5340], [1, 49698, 1288, 1500, 5340], [1, 49698, 1288, 15226, 5340], [1, 49698, 2267, 1500, 5340], [1, 49698, 2411, 1500, 5340], [1, 49698, 2411, 15226, 5340], [1, 49698, 2508, 15226, 5340], [1, 49698, 2508, 1500, 5340], [1, 49698, 3139, 1500, 5340], [1, 49698, 3507, 1500, 5340], [1, 49698, 3530, 1500, 5340], [1, 49698, 20201, 1500, 5340], [1, 49698, 25160, 1500, 5340]]
1 - 5341: [[1, 14869, 2271, 5341], [1, 17414, 2271, 5341], [1, 19932, 2271, 5341], [1, 49698, 4939, 5341]]
1 - 5342: [[1, 5026, 1599, 5342], [1, 49698, 2508, 5342]]
1 - 5343: [[1, 5026, 24730, 5343], [1, 5026, 1206, 5343], [1, 14869, 1206, 5343], [1, 16013, 110, 5343], [1, 16013, 1206, 5343], [1, 16013, 2508, 5343], [1, 19932, 110, 5343], [1, 49698, 110, 5343], [1, 49698, 1206, 5343], [1, 49698, 1288, 5343], [1, 49698, 2508, 5343]]
1 - 5345: [[1, 5026, 886, 5345]]
1 - 5347: [[1, 14869, 989, 15508, 5347], [1, 14869, 2271, 15508, 5347], [1, 16013, 110, 7543, 5347], [1, 16013, 2508, 7543, 5347], [1, 17414, 2271, 15508, 5347], [1, 19932, 110, 7543, 5347], [1, 19932, 2271, 15508, 5347], [1, 49698, 110, 7543, 5347], [1, 49698, 1288, 15508, 5347], [1, 49698, 2508, 7543, 5347]]
1 - 5348: [[1, 14869, 1033, 6515, 5348], [1, 14869, 2271, 6515, 5348], [1, 16013, 110, 6515, 5348], [1, 17414, 2271, 6515, 5348], [1, 17414, 2542, 6515, 5348], [1, 19932, 110, 6515, 5348], [1, 19932, 2271, 6515, 5348], [1, 49698, 110, 6515, 5348], [1, 49698, 429, 6515, 5348], [1, 49698, 1033, 6515, 5348], [1, 49698, 2933, 6515, 5348]]
1 - 5349: [[1, 5026, 1206, 6414, 5349], [1, 5026, 1206, 17475, 5349], [1, 14869, 1206, 6414, 5349], [1, 14869, 1206, 17475, 5349], [1, 16013, 1206, 6414, 5349], [1, 16013, 1206, 17475, 5349], [1, 16013, 2508, 17475, 5349], [1, 49698, 429, 6414, 5349], [1, 49698, 1206, 6414, 5349], [1, 49698, 1206, 17475, 5349], [1, 49698, 1723, 17475, 5349], [1, 49698, 2508, 17475, 5349], [1, 49698, 2933, 17475, 5349]]
1 - 5350: [[1, 5026, 4448, 5350], [1, 17414, 2542, 5350]]
1 - 5351: [[1, 17414, 2542, 5351]]
1 - 5352: [[1, 5026, 1206, 5352], [1, 14869, 1033, 5352], [1, 14869, 1206, 5352], [1, 16013, 1206, 5352], [1, 16013, 1614, 5352], [1, 49698, 429, 5352], [1, 49698, 1033, 5352], [1, 49698, 1206, 5352], [1, 49698, 1614, 5352], [1, 49698, 2267, 5352], [1, 49698, 3507, 5352], [1, 49698, 5979, 5352]]
1 - 5354: [[1, 14869, 2271, 7570, 5354], [1, 17414, 2271, 7570, 5354], [1, 19932, 2271, 7570, 5354]]
1 - 5356: [[1, 14869, 1033, 5356], [1, 16013, 110, 5356], [1, 19932, 110, 5356], [1, 49698, 110, 5356], [1, 49698, 1033, 5356]]
1 - 5358: [[1, 49698, 1288, 5358]]
1 - 5359: [[1, 5026, 1206, 8736, 5359], [1, 5026, 1206, 19720, 5359], [1, 14869, 1033, 8736, 5359], [1, 14869, 1206, 8736, 5359], [1, 14869, 1206, 19720, 5359], [1, 16013, 110, 19720, 5359], [1, 16013, 1206, 8736, 5359], [1, 16013, 1206, 19720, 5359], [1, 16013, 2508, 8736, 5359], [1, 19932, 110, 19720, 5359], [1, 49698, 110, 19720, 5359], [1, 49698, 429, 19720, 5359], [1, 49698, 1033, 8736, 5359], [1, 49698, 1206, 8736, 5359], [1, 49698, 1206, 19720, 5359], [1, 49698, 2508, 8736, 5359], [1, 49698, 2933, 8736, 5359]]
1 - 5360: [[1, 17414, 2542, 5360]]
1 - 5361: [[1, 17414, 2542, 5361]]
1 - 5362: [[1, 14869, 989, 5362], [1, 17414, 2542, 5362]]
1 - 5364: [[1, 5026, 1206, 5364], [1, 14869, 1206, 5364], [1, 16013, 1206, 5364], [1, 17414, 2542, 5364], [1, 49698, 1206, 5364]]
1 - 5365: [[1, 5026, 12601, 5365]]
1 - 5366: [[1, 5026, 1206, 5366], [1, 14869, 1206, 5366], [1, 14869, 2271, 5366], [1, 16013, 1206, 5366], [1, 17414, 2271, 5366], [1, 19932, 2271, 5366], [1, 49698, 1206, 5366], [1, 49698, 1288, 5366]]
1 - 5367: [[1, 5026, 1206, 5367], [1, 14869, 1033, 5367], [1, 14869, 1206, 5367], [1, 16013, 1206, 5367], [1, 49698, 429, 5367], [1, 49698, 1033, 5367], [1, 49698, 1206, 5367], [1, 49698, 1288, 5367]]
1 - 5369: [[1, 16013, 110, 5369], [1, 16013, 2508, 5369], [1, 19932, 110, 5369], [1, 49698, 110, 5369], [1, 49698, 2508, 5369]]
1 - 5370: [[1, 5026, 1206, 5370], [1, 14869, 1206, 5370], [1, 16013, 110, 5370], [1, 16013, 1206, 5370], [1, 19932, 110, 5370], [1, 49698, 110, 5370], [1, 49698, 429, 5370], [1, 49698, 1206, 5370]]
1 - 5372: [[1, 14869, 2271, 5372], [1, 17414, 2271, 5372], [1, 17414, 2542, 5372], [1, 19932, 2271, 5372]]
1 - 5373: [[1, 14869, 1033, 5373], [1, 16013, 1614, 5373], [1, 16013, 2508, 5373], [1, 19932, 26207, 5373], [1, 49698, 1033, 5373], [1, 49698, 1614, 5373], [1, 49698, 1723, 5373], [1, 49698, 2508, 5373], [1, 49698, 3202, 5373], [1, 49698, 3530, 5373], [1, 49698, 21858, 5373], [1, 49698, 22467, 5373], [1, 49698, 25160, 5373]]
1 - 5374: [[1, 5026, 1206, 5374], [1, 14869, 1206, 5374], [1, 16013, 110, 5374], [1, 16013, 1206, 5374], [1, 19932, 110, 5374], [1, 49698, 110, 5374], [1, 49698, 1206, 5374], [1, 49698, 1288, 5374]]
1 - 5375: [[1, 16013, 110, 5375], [1, 19932, 110, 5375], [1, 49698, 110, 5375]]
1 - 5376: [[1, 16013, 110, 5376], [1, 19932, 110, 5376], [1, 49698, 110, 5376]]
1 - 5377: [[1, 5026, 11368, 5377], [1, 49698, 11580, 5377]]
1 - 5378: [[1, 5026, 1206, 10820, 5378], [1, 14869, 1206, 10820, 5378], [1, 16013, 110, 10820, 5378], [1, 16013, 1206, 10820, 5378], [1, 16013, 1276, 10820, 5378], [1, 16013, 1614, 10820, 5378], [1, 16013, 2508, 10820, 5378], [1, 19932, 110, 10820, 5378], [1, 49698, 110, 10820, 5378], [1, 49698, 429, 10820, 5378], [1, 49698, 1206, 10820, 5378], [1, 49698, 1276, 10820, 5378], [1, 49698, 1614, 10820, 5378], [1, 49698, 1723, 10820, 5378], [1, 49698, 2267, 10820, 5378], [1, 49698, 2508, 10820, 5378], [1, 49698, 2933, 10820, 5378], [1, 49698, 3530, 10820, 5378], [1, 49698, 25160, 10820, 5378]]
1 - 5379: [[1, 5026, 1206, 5379], [1, 14869, 1206, 5379], [1, 16013, 1206, 5379], [1, 17414, 2542, 5379], [1, 49698, 1206, 5379]]
1 - 5381: [[1, 17414, 2542, 5381], [1, 49698, 1288, 5381], [1, 49698, 3720, 5381]]
1 - 5382: [[1, 5026, 1206, 5382], [1, 14869, 1206, 5382], [1, 16013, 1206, 5382], [1, 17414, 2542, 5382], [1, 49698, 1206, 5382]]
1 - 5383: [[1, 17414, 2542, 5383], [1, 49698, 1288, 5383]]
1 - 5384: [[1, 14869, 1033, 6343, 5384], [1, 16013, 110, 6343, 5384], [1, 16013, 2508, 6343, 5384], [1, 19932, 110, 6343, 5384], [1, 49698, 110, 6343, 5384], [1, 49698, 429, 6343, 5384], [1, 49698, 1033, 6343, 5384], [1, 49698, 1723, 6343, 5384], [1, 49698, 2508, 6343, 5384], [1, 49698, 3530, 6343, 5384], [1, 49698, 20201, 6343, 5384]]
1 - 5385: [[1, 5026, 24730, 11896, 5385], [1, 14869, 2271, 29120, 5385], [1, 16013, 110, 11896, 5385], [1, 17414, 2271, 29120, 5385], [1, 19932, 110, 11896, 5385], [1, 19932, 2271, 29120, 5385], [1, 49698, 110, 11896, 5385], [1, 49698, 1723, 29120, 5385], [1, 49698, 2508, 29120, 5385], [1, 49698, 3139, 29120, 5385]]
1 - 5386: [[1, 5026, 1206, 5386], [1, 14869, 1206, 5386], [1, 16013, 1206, 5386], [1, 49698, 1206, 5386]]
1 - 5388: [[1, 49698, 2267, 5388], [1, 49698, 2508, 5388]]
1 - 5391: [[1, 16013, 110, 5391], [1, 19932, 110, 5391], [1, 49698, 110, 5391]]
1 - 5392: [[1, 16013, 110, 5392], [1, 19932, 110, 5392], [1, 49698, 110, 5392]]
1 - 5393: [[1, 14869, 2271, 16222, 5393], [1, 16013, 110, 16222, 5393], [1, 17414, 2271, 16222, 5393], [1, 19932, 110, 16222, 5393], [1, 19932, 2271, 16222, 5393], [1, 49698, 110, 16222, 5393], [1, 49698, 429, 16222, 5393], [1, 49698, 2411, 16222, 5393]]
1 - 5394: [[1, 5026, 1206, 5394], [1, 14869, 1206, 5394], [1, 14869, 2271, 5394], [1, 16013, 1206, 5394], [1, 17414, 2271, 5394], [1, 19932, 2271, 5394], [1, 49698, 1206, 5394]]
1 - 5397: [[1, 16013, 110, 5397], [1, 19932, 110, 5397], [1, 49698, 110, 5397]]
1 - 5398: [[1, 5026, 1206, 2145, 5398], [1, 5026, 1206, 29430, 5398], [1, 14869, 1206, 2145, 5398], [1, 14869, 1206, 29430, 5398], [1, 14869, 2271, 2145, 5398], [1, 14869, 2271, 29430, 5398], [1, 16013, 110, 2145, 5398], [1, 16013, 110, 29430, 5398], [1, 16013, 1206, 2145, 5398], [1, 16013, 1206, 29430, 5398], [1, 16013, 1276, 2145, 5398], [1, 17414, 2271, 2145, 5398], [1, 17414, 2271, 29430, 5398], [1, 19932, 110, 2145, 5398], [1, 19932, 110, 29430, 5398], [1, 19932, 2271, 2145, 5398], [1, 19932, 2271, 29430, 5398], [1, 49698, 110, 2145, 5398], [1, 49698, 110, 29430, 5398], [1, 49698, 429, 2145, 5398], [1, 49698, 1206, 2145, 5398], [1, 49698, 1206, 29430, 5398], [1, 49698, 1276, 2145, 5398], [1, 49698, 2508, 2145, 5398], [1, 49698, 2933, 2145, 5398], [1, 49698, 3530, 2145, 5398], [1, 49698, 20201, 2145, 5398], [1, 49698, 25160, 2145, 5398]]
1 - 5400: [[1, 5026, 1206, 5400], [1, 14869, 1206, 5400], [1, 16013, 1206, 5400], [1, 17414, 2542, 5400], [1, 19932, 3828, 5400], [1, 44238, 3828, 5400], [1, 46814, 3828, 5400], [1, 49698, 1206, 5400]]
