1 - 1509: [[1, 5026, 1206, 1509], [1, 14869, 1206, 1509], [1, 16013, 110, 1509], [1, 16013, 1206, 1509], [1, 19932, 110, 1509], [1, 49698, 110, 1509], [1, 49698, 1206, 1509]]
1 - 1510: [[1, 17414, 2542, 1510]]
1 - 1511: [[1, 17414, 2542, 1511]]
1 - 1512: [[1, 17414, 2542, 1512]]
1 - 1513: [[1, 17414, 2542, 1513]]
1 - 1514: [[1, 17414, 2542, 1514]]
1 - 1515: [[1, 17414, 2542, 1515]]
1 - 1517: [[1, 17414, 2542, 1517]]
1 - 1518: [[1, 49698, 1288, 1518]]
1 - 1520: [[1, 49698, 1288, 1520]]
1 - 1525: [[1, 5026, 1206, 123, 1525], [1, 14869, 989, 123, 1525], [1, 14869, 1033, 123, 1525], [1, 14869, 1206, 123, 1525], [1, 14869, 2271, 123, 1525], [1, 16013, 110, 123, 1525], [1, 16013, 1206, 123, 1525], [1, 16013, 1276, 123, 1525], [1, 16013, 1614, 123, 1525], [1, 16013, 19481, 123, 1525], [1, 17414, 2271, 123, 1525], [1, 17414, 2542, 123, 1525], [1, 19932, 110, 123, 1525], [1, 19932, 2271, 123, 1525], [1, 49698, 110, 123, 1525], [1, 49698, 429, 123, 1525], [1, 49698, 1033, 123, 1525], [1, 49698, 1206, 123, 1525], [1, 49698, 1276, 123, 1525], [1, 49698, 1288, 123, 1525], [1, 49698, 1614, 123, 1525], [1, 49698, 1723, 123, 1525], [1, 49698, 2267, 123, 1525], [1, 49698, 2411, 123, 1525], [1, 49698, 2508, 123, 1525], [1, 49698, 2716, 123, 1525], [1, 49698, 5979, 123, 1525], [1, 49698, 38262, 123, 1525]]
1 - 1526: [[1, 5026, 1206, 1526], [1, 14869, 1206, 1526], [1, 16013, 1206, 1526], [1, 49698, 1206, 1526]]
1 - 1527: [[1, 14869, 1033, 19908, 1527], [1, 16013, 110, 5999, 1527], [1, 16013, 110, 19908, 1527], [1, 16013, 1614, 5999, 1527], [1, 16013, 1614, 19908, 1527], [1, 16013, 1723, 19908, 1527], [1, 17414, 2542, 19908, 1527], [1, 19932, 110, 5999, 1527], [1, 19932, 110, 19908, 1527], [1, 19932, 26207, 5999, 1527], [1, 19932, 26207, 19908, 1527], [1, 48458, 5638, 5999, 1527], [1, 48458, 5638, 19908, 1527], [1, 49698, 110, 5999, 1527], [1, 49698, 110, 19908, 1527], [1, 49698, 429, 5999, 1527], [1, 49698, 429, 19908, 1527], [1, 49698, 1033, 19908, 1527], [1, 49698, 1108, 5999, 1527], [1, 49698, 1108, 19908, 1527], [1, 49698, 1614, 5999, 1527], [1, 49698, 1614, 19908, 1527], [1, 49698, 1723, 5999, 1527], [1, 49698, 1723, 19908, 1527], [1, 49698, 2267, 5999, 1527], [1, 49698, 2267, 19908, 1527], [1, 49698, 2353, 5999, 1527], [1, 49698, 2411, 5999, 1527], [1, 49698, 2411, 19908, 1527], [1, 49698, 2508, 5999, 1527], [1, 49698, 2508, 19908, 1527], [1, 49698, 2716, 5999, 1527], [1, 49698, 2716, 19908, 1527], [1, 49698, 2933, 19908, 1527], [1, 49698, 3530, 5999, 1527], [1, 49698, 3530, 19908, 1527], [1, 49698, 4126, 19908, 1527], [1, 49698, 5638, 5999, 1527], [1, 49698, 5638, 19908, 1527], [1, 49698, 5979, 5999, 1527], [1, 49698, 5979, 19908, 1527], [1, 49698, 8493, 5999, 1527], [1, 49698, 11083, 19908, 1527], [1, 49698, 18306, 19908, 1527], [1, 49698, 18306, 5999, 1527], [1, 49698, 20201, 5999, 1527], [1, 49698, 20201, 19908, 1527], [1, 49698, 20822, 5999, 1527], [1, 49698, 22467, 5999, 1527], [1, 49698, 22467, 19908, 1527], [1, 49698, 25160, 5999, 1527], [1, 49698, 38262, 5999, 1527], [1, 62917, 14727, 19908, 1527], [1, 62917, 14727, 5999, 1527]]
1 - 1528: [[1, 16013, 2508, 1528], [1, 49698, 2508, 1528]]
1 - 1529: [[1, 5026, 1206, 1529], [1, 14869, 1206, 1529], [1, 16013, 1206, 1529], [1, 17414, 2542, 1529], [1, 49698, 1206, 1529]]
1 - 1530: [[1, 5026, 4716, 1530], [1, 5026, 1206, 1530], [1, 14869, 1206, 1530], [1, 16013, 1206, 1530], [1, 49698, 1206, 1530]]
1 - 1531: [[1, 49698, 6493, 1531]]
1 - 1532: [[1, 5026, 1206, 1532], [1, 14869, 1206, 1532], [1, 16013, 1206, 1532], [1, 16013, 2508, 1532], [1, 49698, 1206, 1532], [1, 49698, 2508, 1532]]
1 - 1533: [[1, 14869, 2271, 1533], [1, 17414, 2271, 1533], [1, 19932, 2271, 1533], [1, 49698, 2508, 1533]]
1 - 1534: [[1, 5026, 1206, 1534], [1, 14869, 1206, 1534], [1, 16013, 1206, 1534], [1, 16013, 17774, 1534], [1, 49698, 1206, 1534], [1, 49698, 25160, 1534], [1, 62917, 14727, 1534]]
1 - 1536: [[1, 16013, 1276, 1536], [1, 16013, 1614, 1536], [1, 49698, 1276, 1536], [1, 49698, 1614, 1536]]
1 - 1537: [[1, 5026, 1206, 1537], [1, 14869, 1206, 1537], [1, 16013, 110, 1537], [1, 16013, 1206, 1537], [1, 19932, 110, 1537], [1, 49698, 110, 1537], [1, 49698, 1206, 1537]]
1 - 1539: [[1, 5026, 1206, 1539], [1, 14869, 1206, 1539], [1, 14869, 2271, 1539], [1, 16013, 1206, 1539], [1, 17414, 2271, 1539], [1, 19932, 2271, 1539], [1, 49698, 1206, 1539]]
1 - 1540: [[1, 5026, 1206, 1540], [1, 14869, 1206, 1540], [1, 16013, 1206, 1540], [1, 49698, 1206, 1540], [1, 49698, 1288, 1540]]
1 - 1541: [[1, 5026, 1206, 1541], [1, 14869, 1206, 1541], [1, 16013, 1206, 1541], [1, 17414, 2542, 1541], [1, 49698, 1206, 1541]]
1 - 1543: [[1, 5026, 1206, 1543], [1, 14869, 989, 1543], [1, 14869, 1206, 1543], [1, 16013, 110, 1543], [1, 16013, 1206, 1543], [1, 19932, 110, 1543], [1, 49698, 110, 1543], [1, 49698, 1206, 1543], [1, 49698, 1288, 1543]]
1 - 1544: [[1, 16013, 110, 1544], [1, 16013, 2508, 1544], [1, 19932, 110, 1544], [1, 49698, 110, 1544], [1, 49698, 2508, 1544]]
1 - 1545: [[1, 16013, 1276, 1545], [1, 49698, 1276, 1545], [1, 49698, 1723, 1545], [1, 49698, 2508, 1545], [1, 49698, 11083, 1545], [1, 49698, 20201, 1545], [1, 49698, 22467, 1545]]
1 - 1546: [[1, 5026, 1374, 1546], [1, 16013, 110, 1546], [1, 16013, 2508, 1546], [1, 19932, 110, 1546], [1, 49698, 110, 1546], [1, 49698, 2508, 1546]]
1 - 1547: [[1, 5026, 1206, 8557, 1547], [1, 14869, 1206, 8557, 1547], [1, 16013, 1206, 8557, 1547], [1, 19932, 26207, 4658, 1547], [1, 49698, 429, 4658, 1547], [1, 49698, 1206, 8557, 1547], [1, 49698, 1288, 8557, 1547], [1, 49698, 2411, 4658, 1547], [1, 49698, 2411, 8557, 1547], [1, 49698, 2508, 4658, 1547], [1, 62917, 14727, 4658, 1547]]
1 - 1548: [[1, 5026, 1206, 1548], [1, 14869, 1206, 1548], [1, 16013, 1206, 1548], [1, 49698, 1206, 1548]]
1 - 1549: [[1, 14869, 989, 1549]]
1 - 1550: [[1, 14869, 1033, 1627, 1550], [1, 14869, 1033, 2350, 1550], [1, 16013, 1276, 2350, 1550], [1, 16013, 1614, 1627, 1550], [1, 16013, 1723, 2350, 1550], [1, 16013, 2508, 1627, 1550], [1, 44238, 3828, 1627, 1550], [1, 46814, 3828, 1627, 1550], [1, 49698, 429, 1627, 1550], [1, 49698, 1033, 1627, 1550], [1, 49698, 1033, 2350, 1550], [1, 49698, 1108, 1627, 1550], [1, 49698, 1276, 2350, 1550], [1, 49698, 1614, 1627, 1550], [1, 49698, 1723, 2350, 1550], [1, 49698, 1723, 1627, 1550], [1, 49698, 2267, 1627, 1550], [1, 49698, 2411, 1627, 1550], [1, 49698, 2508, 1627, 1550], [1, 49698, 2508, 2350, 1550], [1, 49698, 2716, 2350, 1550], [1, 49698, 2716, 1627, 1550], [1, 49698, 3507, 1627, 1550], [1, 49698, 3530, 1627, 1550], [1, 49698, 18306, 1627, 1550], [1, 49698, 20201, 1627, 1550], [1, 49698, 22467, 1627, 1550], [1, 49698, 25160, 1627, 1550], [1, 49698, 38262, 1627, 1550], [1, 49698, 38262, 2350, 1550]]
1 - 1551: [[1, 5026, 1206, 36246, 1551], [1, 14869, 1033, 13461, 1551], [1, 14869, 1033, 36246, 1551], [1, 14869, 1206, 36246, 1551], [1, 16013, 110, 13461, 1551], [1, 16013, 110, 36246, 1551], [1, 16013, 1206, 36246, 1551], [1, 16013, 1276, 13461, 1551], [1, 16013, 2508, 13461, 1551], [1, 16013, 2855, 13461, 1551], [1, 19932, 110, 13461, 1551], [1, 19932, 110, 36246, 1551], [1, 49698, 110, 13461, 1551], [1, 49698, 110, 36246, 1551], [1, 49698, 429, 36246, 1551], [1, 49698, 1033, 13461, 1551], [1, 49698, 1033, 36246, 1551], [1, 49698, 1206, 36246, 1551], [1, 49698, 1276, 13461, 1551], [1, 49698, 1723, 13461, 1551], [1, 49698, 2508, 13461, 1551], [1, 49698, 2716, 13461, 1551], [1, 49698, 2716, 36246, 1551], [1, 49698, 2855, 13461, 1551], [1, 49698, 3530, 13461, 1551], [1, 49698, 20201, 13461, 1551], [1, 49698, 22467, 13461, 1551]]
1 - 1552: [[1, 5026, 1206, 6136, 1552], [1, 14869, 1206, 6136, 1552], [1, 14869, 2271, 6136, 1552], [1, 16013, 110, 6136, 1552], [1, 16013, 1206, 6136, 1552], [1, 16013, 1614, 6136, 1552], [1, 17414, 2271, 6136, 1552], [1, 19932, 110, 6136, 1552], [1, 19932, 2271, 6136, 1552], [1, 19932, 26207, 6136, 1552], [1, 44238, 3828, 1136, 1552], [1, 46814, 3828, 1136, 1552], [1, 48458, 5638, 1136, 1552], [1, 49698, 110, 6136, 1552], [1, 49698, 429, 6136, 1552], [1, 49698, 1108, 6136, 1552], [1, 49698, 1206, 6136, 1552], [1, 49698, 1614, 6136, 1552], [1, 49698, 1723, 1136, 1552], [1, 49698, 2353, 1136, 1552], [1, 49698, 2508, 6136, 1552], [1, 49698, 2716, 1136, 1552], [1, 49698, 3259, 1136, 1552], [1, 49698, 3507, 1136, 1552], [1, 49698, 3530, 6136, 1552], [1, 49698, 5638, 1136, 1552], [1, 49698, 11083, 6136, 1552], [1, 49698, 18306, 6136, 1552], [1, 49698, 20201, 1136, 1552], [1, 49698, 20201, 6136, 1552], [1, 49698, 22467, 1136, 1552], [1, 49698, 22467, 6136, 1552], [1, 49698, 27029, 6136, 1552], [1, 49698, 38262, 1136, 1552]]
1 - 1554: [[1, 5026, 1206, 420, 1554], [1, 14869, 1033, 420, 1554], [1, 14869, 1206, 420, 1554], [1, 14869, 2271, 420, 1554], [1, 16013, 110, 420, 1554], [1, 16013, 1206, 420, 1554], [1, 16013, 1276, 420, 1554], [1, 16013, 1614, 420, 1554], [1, 17414, 2271, 420, 1554], [1, 17414, 2542, 57, 1554], [1, 19932, 110, 420, 1554], [1, 19932, 2271, 420, 1554], [1, 19932, 36068, 420, 1554], [1, 44552, 36068, 420, 1554], [1, 48458, 5638, 420, 1554], [1, 49698, 110, 420, 1554], [1, 49698, 429, 420, 1554], [1, 49698, 1033, 420, 1554], [1, 49698, 1108, 420, 1554], [1, 49698, 1206, 420, 1554], [1, 49698, 1276, 420, 1554], [1, 49698, 1288, 420, 1554], [1, 49698, 1614, 420, 1554], [1, 49698, 2267, 420, 1554], [1, 49698, 2411, 420, 1554], [1, 49698, 2508, 420, 1554], [1, 49698, 2716, 420, 1554], [1, 49698, 2933, 420, 1554], [1, 49698, 3530, 420, 1554], [1, 49698, 5638, 420, 1554], [1, 49698, 5979, 420, 1554], [1, 49698, 11083, 420, 1554], [1, 49698, 20201, 420, 1554], [1, 49698, 25160, 420, 1554]]
1 - 1555: [[1, 5026, 1206, 306, 1555], [1, 14869, 989, 306, 1555], [1, 14869, 1033, 306, 1555], [1, 14869, 1206, 306, 1555], [1, 14869, 2271, 306, 1555], [1, 16013, 110, 306, 1555], [1, 16013, 1206, 306, 1555], [1, 16013, 1276, 306, 1555], [1, 16013, 1614, 306, 1555], [1, 17414, 2271, 306, 1555], [1, 17414, 2542, 306, 1555], [1, 19932, 110, 306, 1555], [1, 19932, 2271, 306, 1555], [1, 49698, 110, 306, 1555], [1, 49698, 429, 306, 1555], [1, 49698, 1033, 306, 1555], [1, 49698, 1206, 306, 1555], [1, 49698, 1276, 306, 1555], [1, 49698, 1614, 306, 1555], [1, 49698, 2267, 306, 1555], [1, 49698, 2411, 306, 1555], [1, 49698, 2508, 306, 1555], [1, 49698, 2933, 306, 1555], [1, 49698, 5979, 306, 1555], [1, 49698, 38262, 306, 1555]]
1 - 1558: [[1, 5026, 1206, 1558], [1, 14869, 1206, 1558], [1, 16013, 1206, 1558], [1, 49698, 429, 1558], [1, 49698, 856, 1558], [1, 49698, 1206, 1558]]
1 - 1559: [[1, 17414, 2542, 8862, 1559], [1, 17414, 2542, 8863, 1559]]
1 - 1560: [[1, 17414, 2542, 1560]]
1 - 1561: [[1, 5026, 1206, 943, 1561], [1, 14869, 1033, 943, 1561], [1, 14869, 1206, 943, 1561], [1, 14869, 2271, 943, 1561], [1, 16013, 110, 943, 1561], [1, 16013, 1206, 943, 1561], [1, 16013, 1276, 944, 1561], [1, 16013, 1276, 943, 1561], [1, 16013, 1368, 943, 1561], [1, 16013, 1723, 944, 1561], [1, 16013, 11239, 943, 1561], [1, 17414, 2271, 943, 1561], [1, 17414, 2542, 943, 1561], [1, 17414, 2542, 944, 1561], [1, 19932, 110, 943, 1561], [1, 19932, 2271, 943, 1561], [1, 19932, 26207, 943, 1561], [1, 48458, 5638, 943, 1561], [1, 49698, 110, 943, 1561], [1, 49698, 429, 943, 1561], [1, 49698, 429, 944, 1561], [1, 49698, 1033, 943, 1561], [1, 49698, 1108, 943, 1561], [1, 49698, 1206, 943, 1561], [1, 49698, 1276, 944, 1561], [1, 49698, 1276, 943, 1561], [1, 49698, 1723, 944, 1561], [1, 49698, 2267, 943, 1561], [1, 49698, 2267, 944, 1561], [1, 49698, 2411, 943, 1561], [1, 49698, 2508, 943, 1561], [1, 49698, 2508, 944, 1561], [1, 49698, 2716, 944, 1561], [1, 49698, 3139, 943, 1561], [1, 49698, 3530, 943, 1561], [1, 49698, 3530, 944, 1561], [1, 49698, 5638, 943, 1561], [1, 49698, 5979, 943, 1561], [1, 49698, 11239, 943, 1561], [1, 49698, 18306, 943, 1561], [1, 49698, 20201, 943, 1561], [1, 49698, 20201, 944, 1561], [1, 49698, 22467, 943, 1561], [1, 49698, 27029, 943, 1561], [1, 49698, 38262, 943, 1561]]
1 - 1562: [[1, 49698, 12536, 1562]]
1 - 1563: [[1, 5026, 1206, 272, 1563], [1, 14869, 989, 272, 1563], [1, 14869, 1033, 272, 1563], [1, 14869, 1206, 272, 1563], [1, 14869, 2271, 7570, 1563], [1, 14869, 2271, 272, 1563], [1, 16013, 110, 272, 1563], [1, 16013, 1206, 272, 1563], [1, 16013, 1276, 272, 1563], [1, 16013, 1614, 272, 1563], [1, 17414, 2271, 7570, 1563], [1, 17414, 2271, 272, 1563], [1, 17414, 2542, 272, 1563], [1, 19932, 110, 272, 1563], [1, 19932, 2271, 7570, 1563], [1, 19932, 2271, 272, 1563], [1, 49698, 110, 272, 1563], [1, 49698, 429, 272, 1563], [1, 49698, 1033, 272, 1563], [1, 49698, 1206, 272, 1563], [1, 49698, 1276, 272, 1563], [1, 49698, 1614, 272, 1563], [1, 49698, 2267, 272, 1563], [1, 49698, 2508, 272, 1563], [1, 49698, 2933, 272, 1563], [1, 49698, 20201, 272, 1563], [1, 49698, 25160, 272, 1563]]
1 - 1564: [[1, 17414, 2542, 1564]]
1 - 1565: [[1, 14869, 1033, 1565], [1, 14869, 2271, 1565], [1, 16013, 110, 1565], [1, 16013, 2508, 1565], [1, 17414, 2271, 1565], [1, 19932, 110, 1565], [1, 19932, 2271, 1565], [1, 49698, 110, 1565], [1, 49698, 1033, 1565], [1, 49698, 2508, 1565]]
1 - 1566: [[1, 5026, 2294, 147, 1566], [1, 5026, 1206, 2219, 1566], [1, 14869, 1206, 2219, 1566], [1, 14869, 2271, 2219, 1566], [1, 16013, 110, 2219, 1566], [1, 16013, 1206, 2219, 1566], [1, 16013, 1276, 2219, 1566], [1, 16013, 1614, 2219, 1566], [1, 16013, 2508, 147, 1566], [1, 17414, 2271, 2219, 1566], [1, 19932, 110, 2219, 1566], [1, 19932, 2271, 2219, 1566], [1, 49698, 110, 2219, 1566], [1, 49698, 429, 2219, 1566], [1, 49698, 1206, 2219, 1566], [1, 49698, 1276, 2219, 1566], [1, 49698, 1614, 2219, 1566], [1, 49698, 1723, 2219, 1566], [1, 49698, 2267, 2219, 1566], [1, 49698, 2508, 147, 1566], [1, 49698, 2508, 2219, 1566], [1, 49698, 2933, 2219, 1566], [1, 49698, 3139, 2219, 1566], [1, 49698, 3507, 2219, 1566], [1, 49698, 3530, 2219, 1566], [1, 49698, 20201, 2219, 1566], [1, 49698, 25160, 2219, 1566], [1, 49698, 38262, 2219, 1566]]
1 - 1569: [[1, 14869, 989, 1569], [1, 17414, 2863, 1569]]
1 - 1570: [[1, 14869, 989, 1570], [1, 49698, 2123, 1570]]
1 - 1571: [[1, 16013, 2508, 1571], [1, 49698, 2508, 1571]]
1 - 1572: [[1, 5026, 4716, 1572]]
1 - 1573: [[1, 16013, 1276, 1573], [1, 49698, 1276, 1573], [1, 49698, 1723, 1573], [1, 49698, 2508, 1573], [1, 49698, 38262, 1573]]
1 - 1574: [[1, 5026, 2827, 1337, 1574], [1, 14869, 1033, 3761, 1574], [1, 16013, 110, 3761, 1574], [1, 16013, 1614, 3761, 1574], [1, 19932, 110, 3761, 1574], [1, 19932, 26207, 3761, 1574], [1, 49698, 110, 3761, 1574], [1, 49698, 1033, 3761, 1574], [1, 49698, 1614, 3761, 1574], [1, 49698, 1723, 3761, 1574], [1, 49698, 1723, 1337, 1574], [1, 49698, 2267, 3761, 1574], [1, 49698, 2508, 3761, 1574], [1, 49698, 2508, 1337, 1574], [1, 49698, 2716, 3761, 1574], [1, 49698, 2827, 1337, 1574], [1, 49698, 3530, 3761, 1574], [1, 49698, 3698, 3761, 1574], [1, 49698, 6512, 3761, 1574], [1, 49698, 11083, 1337, 1574], [1, 49698, 11083, 3761, 1574], [1, 49698, 20822, 3761, 1574], [1, 49698, 22467, 3761, 1574], [1, 49698, 38262, 1337, 1574]]
1 - 1575: [[1, 16013, 2508, 1575], [1, 49698, 429, 1575], [1, 49698, 2508, 1575]]
1 - 1576: [[1, 5026, 2827, 1576], [1, 16013, 110, 1576], [1, 16013, 1614, 1576], [1, 16013, 2508, 1576], [1, 19932, 110, 1576], [1, 49698, 110, 1576], [1, 49698, 1614, 1576], [1, 49698, 2267, 1576], [1, 49698, 2508, 1576], [1, 49698, 2716, 1576], [1, 49698, 2827, 1576]]
1 - 1577: [[1, 49698, 1288, 1577]]
1 - 1578: [[1, 49698, 2065, 1578], [1, 49698, 2508, 1578]]
1 - 1579: [[1, 49698, 2123, 1579]]
1 - 1580: [[1, 5026, 1206, 1580], [1, 14869, 1206, 1580], [1, 16013, 1206, 1580], [1, 49698, 1206, 1580]]
1 - 1581: [[1, 5026, 1206, 1581], [1, 14869, 1206, 1581], [1, 14869, 2271, 1581], [1, 16013, 110, 1581], [1, 16013, 1206, 1581], [1, 17414, 2271, 1581], [1, 17414, 2542, 1581], [1, 19932, 110, 1581], [1, 19932, 2271, 1581], [1, 49698, 110, 1581], [1, 49698, 1206, 1581], [1, 49698, 2508, 1581], [1, 49698, 2716, 1581], [1, 49698, 3052, 1581]]
1 - 1582: [[1, 5026, 1206, 1582], [1, 14869, 1206, 1582], [1, 16013, 1206, 1582], [1, 17414, 2542, 1582], [1, 49698, 1206, 1582]]
1 - 1583: [[1, 49698, 2508, 1583]]
1 - 1584: [[1, 5026, 8625, 1584], [1, 49698, 429, 1584], [1, 49698, 2508, 1584]]
1 - 1585: [[1, 16013, 110, 1585], [1, 19932, 110, 1585], [1, 49698, 110, 1585]]
1 - 1586: [[1, 14869, 989, 1586]]
1 - 1587: [[1, 5026, 1206, 1587], [1, 14869, 1206, 1587], [1, 14869, 2271, 1587], [1, 16013, 1206, 1587], [1, 17414, 2271, 1587], [1, 19932, 2271, 1587], [1, 49698, 1206, 1587]]
