1 - 7702: [[1, 5026, 1206, 11676, 7702], [1, 14869, 1206, 11676, 7702], [1, 16013, 110, 7984, 7702], [1, 16013, 1206, 11676, 7702], [1, 19932, 110, 7984, 7702], [1, 49698, 110, 7984, 7702], [1, 49698, 1206, 11676, 7702], [1, 49698, 2267, 7984, 7702], [1, 49698, 2508, 11676, 7702], [1, 49698, 3139, 11676, 7702], [1, 49698, 3530, 11676, 7702], [1, 49698, 20201, 11676, 7702], [1, 49698, 20822, 11676, 7702], [1, 49698, 22467, 11676, 7702], [1, 49698, 27029, 11676, 7702]]
1 - 7703: [[1, 16013, 11083, 7703], [1, 16013, 11239, 7703], [1, 48458, 5638, 7703], [1, 49698, 429, 7703], [1, 49698, 2508, 7703], [1, 49698, 5638, 7703], [1, 49698, 6069, 7703], [1, 49698, 11083, 7703], [1, 49698, 11239, 7703], [1, 49698, 32564, 7703]]
1 - 7704: [[1, 5026, 1206, 1870, 7704], [1, 5026, 1206, 1184, 7704], [1, 14869, 989, 1184, 7704], [1, 14869, 989, 1870, 7704], [1, 14869, 1033, 1184, 7704], [1, 14869, 1033, 1870, 7704], [1, 14869, 1206, 1870, 7704], [1, 14869, 1206, 1184, 7704], [1, 14869, 2271, 1184, 7704], [1, 14869, 2271, 1870, 7704], [1, 16013, 110, 1184, 7704], [1, 16013, 110, 1870, 7704], [1, 16013, 1206, 1870, 7704], [1, 16013, 1206, 1184, 7704], [1, 16013, 1276, 1870, 7704], [1, 16013, 1276, 1184, 7704], [1, 16013, 1614, 1870, 7704], [1, 16013, 1614, 1184, 7704], [1, 17414, 2271, 1184, 7704], [1, 17414, 2271, 1870, 7704], [1, 17414, 2542, 1184, 7704], [1, 19932, 110, 1184, 7704], [1, 19932, 110, 1870, 7704], [1, 19932, 2271, 1184, 7704], [1, 19932, 2271, 1870, 7704], [1, 44238, 3828, 1870, 7704], [1, 46814, 3828, 1870, 7704], [1, 48458, 5638, 1870, 7704], [1, 49698, 110, 1184, 7704], [1, 49698, 110, 1870, 7704], [1, 49698, 429, 1184, 7704], [1, 49698, 429, 1870, 7704], [1, 49698, 1033, 1184, 7704], [1, 49698, 1033, 1870, 7704], [1, 49698, 1206, 1870, 7704], [1, 49698, 1206, 1184, 7704], [1, 49698, 1276, 1870, 7704], [1, 49698, 1276, 1184, 7704], [1, 49698, 1288, 1184, 7704], [1, 49698, 1614, 1870, 7704], [1, 49698, 1614, 1184, 7704], [1, 49698, 2267, 1184, 7704], [1, 49698, 2267, 1870, 7704], [1, 49698, 2411, 1184, 7704], [1, 49698, 2411, 1870, 7704], [1, 49698, 2508, 1184, 7704], [1, 49698, 2508, 1870, 7704], [1, 49698, 2716, 1184, 7704], [1, 49698, 2716, 1870, 7704], [1, 49698, 2933, 1184, 7704], [1, 49698, 2933, 1870, 7704], [1, 49698, 3507, 1870, 7704], [1, 49698, 3530, 1184, 7704], [1, 49698, 3530, 1870, 7704], [1, 49698, 5638, 1870, 7704], [1, 49698, 5979, 1184, 7704], [1, 49698, 5979, 1870, 7704], [1, 49698, 11083, 1870, 7704], [1, 49698, 20201, 1184, 7704], [1, 49698, 20201, 1870, 7704], [1, 49698, 22467, 1870, 7704], [1, 49698, 25160, 1870, 7704]]
1 - 7706: [[1, 16013, 2508, 7706], [1, 49698, 2508, 7706], [1, 49698, 6158, 7706]]
1 - 7707: [[1, 16013, 110, 7707], [1, 19932, 110, 7707], [1, 49698, 110, 7707]]
1 - 7708: [[1, 5026, 1206, 1184, 7708], [1, 14869, 989, 1184, 7708], [1, 14869, 1033, 1184, 7708], [1, 14869, 1206, 1184, 7708], [1, 14869, 2271, 1006, 7708], [1, 14869, 2271, 1184, 7708], [1, 16013, 27029, 1006, 7708], [1, 16013, 110, 1184, 7708], [1, 16013, 1206, 1184, 7708], [1, 16013, 1276, 1184, 7708], [1, 16013, 1614, 1184, 7708], [1, 17414, 2271, 1006, 7708], [1, 17414, 2271, 1184, 7708], [1, 17414, 2542, 1184, 7708], [1, 19932, 110, 1184, 7708], [1, 19932, 2271, 1006, 7708], [1, 19932, 2271, 1184, 7708], [1, 49698, 110, 1184, 7708], [1, 49698, 429, 1184, 7708], [1, 49698, 1033, 1184, 7708], [1, 49698, 1206, 1184, 7708], [1, 49698, 1276, 1184, 7708], [1, 49698, 1288, 1184, 7708], [1, 49698, 1614, 1184, 7708], [1, 49698, 2267, 1184, 7708], [1, 49698, 2411, 1184, 7708], [1, 49698, 2508, 1184, 7708], [1, 49698, 2716, 1184, 7708], [1, 49698, 2933, 1184, 7708], [1, 49698, 3139, 1006, 7708], [1, 49698, 3530, 1006, 7708], [1, 49698, 3530, 1184, 7708], [1, 49698, 5979, 1184, 7708], [1, 49698, 20201, 1184, 7708], [1, 49698, 22467, 1006, 7708], [1, 49698, 27029, 1006, 7708]]
1 - 7709: [[1, 16013, 27029, 7709], [1, 49698, 27029, 7709]]
1 - 7710: [[1, 5026, 1206, 7710], [1, 14869, 1206, 7710], [1, 14869, 2271, 7710], [1, 16013, 20412, 7710], [1, 16013, 1206, 7710], [1, 17414, 2271, 7710], [1, 19932, 2271, 7710], [1, 49698, 1206, 7710], [1, 49698, 20412, 7710]]
1 - 7712: [[1, 14869, 1033, 11173, 7712], [1, 49698, 429, 11173, 7712], [1, 49698, 1033, 11173, 7712], [1, 49698, 2508, 11173, 7712], [1, 49698, 3052, 5941, 7712], [1, 49698, 3530, 11173, 7712], [1, 49698, 11083, 11173, 7712], [1, 49698, 20822, 11173, 7712], [1, 49698, 22467, 11173, 7712], [1, 49698, 27029, 11173, 7712]]
1 - 7713: [[1, 49698, 5855, 7713]]
1 - 7715: [[1, 5026, 1206, 7715], [1, 14869, 1033, 7715], [1, 14869, 1206, 7715], [1, 16013, 110, 7715], [1, 16013, 1206, 7715], [1, 19932, 110, 7715], [1, 49698, 110, 7715], [1, 49698, 1033, 7715], [1, 49698, 1206, 7715], [1, 49698, 2508, 7715], [1, 49698, 11083, 7715], [1, 49698, 18306, 7715], [1, 49698, 20201, 7715], [1, 49698, 22467, 7715], [1, 49698, 27029, 7715]]
1 - 7716: [[1, 49698, 32370, 7716]]
1 - 7719: [[1, 48458, 5638, 7719], [1, 49698, 1164, 7719], [1, 49698, 2508, 7719], [1, 49698, 5638, 7719], [1, 49698, 22467, 7719], [1, 49698, 27029, 7719]]
1 - 7720: [[1, 5026, 1206, 7720], [1, 14869, 1206, 7720], [1, 16013, 1206, 7720], [1, 49698, 1206, 7720], [1, 49698, 2508, 7720], [1, 49698, 20201, 7720], [1, 49698, 27029, 7720]]
1 - 7721: [[1, 49698, 3052, 7721]]
1 - 7722: [[1, 5026, 1206, 1975, 7722], [1, 14869, 989, 1975, 7722], [1, 14869, 989, 3351, 7722], [1, 14869, 1033, 3351, 7722], [1, 14869, 1206, 1975, 7722], [1, 14869, 2271, 3351, 7722], [1, 16013, 1206, 1975, 7722], [1, 16013, 1276, 1975, 7722], [1, 16013, 1276, 3351, 7722], [1, 16013, 1614, 3351, 7722], [1, 17414, 2271, 3351, 7722], [1, 19932, 2271, 3351, 7722], [1, 19932, 26207, 1975, 7722], [1, 48458, 5638, 3351, 7722], [1, 49698, 429, 1975, 7722], [1, 49698, 429, 3351, 7722], [1, 49698, 1033, 3351, 7722], [1, 49698, 1108, 1975, 7722], [1, 49698, 1108, 3351, 7722], [1, 49698, 1206, 1975, 7722], [1, 49698, 1276, 1975, 7722], [1, 49698, 1276, 3351, 7722], [1, 49698, 1614, 3351, 7722], [1, 49698, 2353, 1975, 7722], [1, 49698, 2508, 3351, 7722], [1, 49698, 2508, 1975, 7722], [1, 49698, 3530, 1975, 7722], [1, 49698, 3530, 3351, 7722], [1, 49698, 5638, 3351, 7722], [1, 49698, 11083, 1975, 7722], [1, 49698, 18306, 1975, 7722], [1, 49698, 18306, 3351, 7722], [1, 49698, 20201, 1975, 7722], [1, 49698, 20201, 3351, 7722], [1, 49698, 20822, 1975, 7722], [1, 49698, 22467, 1975, 7722], [1, 49698, 22467, 3351, 7722], [1, 49698, 25160, 1975, 7722], [1, 49698, 25160, 3351, 7722], [1, 49698, 27029, 1975, 7722], [1, 49698, 27029, 3351, 7722], [1, 49698, 38262, 3351, 7722]]
1 - 7723: [[1, 14869, 1033, 3322, 7723], [1, 14869, 2271, 3322, 7723], [1, 16013, 110, 3322, 7723], [1, 16013, 1614, 3322, 7723], [1, 17414, 2271, 3322, 7723], [1, 19932, 110, 3322, 7723], [1, 19932, 2271, 3322, 7723], [1, 49698, 110, 3322, 7723], [1, 49698, 429, 3322, 7723], [1, 49698, 1033, 3322, 7723], [1, 49698, 1108, 3322, 7723], [1, 49698, 1614, 3322, 7723], [1, 49698, 2267, 3322, 7723], [1, 49698, 2508, 3322, 7723], [1, 49698, 3530, 3322, 7723], [1, 49698, 11083, 3322, 7723], [1, 49698, 18306, 3322, 7723], [1, 49698, 20201, 3322, 7723], [1, 49698, 22467, 3322, 7723], [1, 49698, 25160, 3322, 7723], [1, 49698, 27029, 3322, 7723], [1, 49698, 38262, 3322, 7723]]
1 - 7724: [[1, 16013, 110, 627, 7724], [1, 16013, 110, 5644, 7724], [1, 16013, 1276, 627, 7724], [1, 19932, 110, 627, 7724], [1, 19932, 110, 5644, 7724], [1, 19932, 26207, 627, 7724], [1, 44238, 3828, 627, 7724], [1, 46814, 3828, 627, 7724], [1, 49698, 110, 627, 7724], [1, 49698, 110, 5644, 7724], [1, 49698, 429, 627, 7724], [1, 49698, 1276, 627, 7724], [1, 49698, 2267, 627, 7724], [1, 49698, 2411, 627, 7724], [1, 49698, 2508, 627, 7724], [1, 49698, 3259, 627, 7724], [1, 49698, 3530, 627, 7724], [1, 49698, 18306, 627, 7724], [1, 49698, 20201, 627, 7724], [1, 49698, 20822, 627, 7724], [1, 49698, 22467, 627, 7724], [1, 49698, 25160, 627, 7724], [1, 49698, 27029, 627, 7724]]
1 - 7726: [[1, 5026, 1206, 5938, 7726], [1, 14869, 1206, 5938, 7726], [1, 14869, 2271, 5938, 7726], [1, 16013, 1206, 5938, 7726], [1, 17414, 2271, 5938, 7726], [1, 19932, 2271, 5938, 7726], [1, 19932, 26207, 5938, 7726], [1, 49698, 1108, 5938, 7726], [1, 49698, 1206, 5938, 7726], [1, 49698, 2411, 1146, 7726], [1, 49698, 2411, 5938, 7726], [1, 49698, 2508, 5938, 7726], [1, 49698, 3259, 5938, 7726], [1, 49698, 3507, 5938, 7726], [1, 49698, 3530, 5938, 7726], [1, 49698, 11083, 5938, 7726], [1, 49698, 20201, 5938, 7726], [1, 49698, 20822, 5938, 7726], [1, 49698, 22467, 5938, 7726], [1, 49698, 27029, 5938, 7726]]
1 - 7727: [[1, 49698, 2391, 7727]]
1 - 7728: [[1, 5026, 1206, 7728], [1, 14869, 1206, 7728], [1, 14869, 2271, 7728], [1, 16013, 110, 7728], [1, 16013, 1206, 7728], [1, 16013, 6149, 7728], [1, 17414, 2271, 7728], [1, 19932, 110, 7728], [1, 19932, 2271, 7728], [1, 19932, 26207, 7728], [1, 49698, 110, 7728], [1, 49698, 1206, 7728], [1, 49698, 2508, 7728], [1, 49698, 3052, 7728], [1, 49698, 6149, 7728], [1, 49698, 11083, 7728], [1, 49698, 20201, 7728], [1, 49698, 22467, 7728], [1, 49698, 25160, 7728], [1, 49698, 27029, 7728]]
1 - 7730: [[1, 49698, 3202, 7730]]
1 - 7732: [[1, 5026, 1206, 1975, 7732], [1, 14869, 989, 1975, 7732], [1, 14869, 1206, 1975, 7732], [1, 16013, 1206, 1975, 7732], [1, 16013, 1276, 1975, 7732], [1, 19932, 26207, 1975, 7732], [1, 49698, 429, 1975, 7732], [1, 49698, 1108, 1975, 7732], [1, 49698, 1206, 1975, 7732], [1, 49698, 1276, 1975, 7732], [1, 49698, 2353, 1975, 7732], [1, 49698, 2508, 1975, 7732], [1, 49698, 3530, 1975, 7732], [1, 49698, 11083, 1975, 7732], [1, 49698, 18306, 1975, 7732], [1, 49698, 20201, 1975, 7732], [1, 49698, 20822, 1975, 7732], [1, 49698, 22467, 1975, 7732], [1, 49698, 25160, 1975, 7732], [1, 49698, 27029, 1975, 7732]]
1 - 7733: [[1, 5026, 1206, 3454, 7733], [1, 5026, 1206, 11636, 7733], [1, 5026, 1206, 1184, 7733], [1, 14869, 989, 1184, 7733], [1, 14869, 1033, 1184, 7733], [1, 14869, 1033, 3454, 7733], [1, 14869, 1206, 3454, 7733], [1, 14869, 1206, 11636, 7733], [1, 14869, 1206, 1184, 7733], [1, 14869, 2271, 1184, 7733], [1, 16013, 20201, 11636, 7733], [1, 16013, 110, 1184, 7733], [1, 16013, 110, 3454, 7733], [1, 16013, 1206, 3454, 7733], [1, 16013, 1206, 11636, 7733], [1, 16013, 1206, 1184, 7733], [1, 16013, 1276, 1184, 7733], [1, 16013, 1614, 1184, 7733], [1, 17414, 2271, 1184, 7733], [1, 17414, 2542, 1184, 7733], [1, 19932, 110, 1184, 7733], [1, 19932, 110, 3454, 7733], [1, 19932, 2271, 1184, 7733], [1, 19932, 26207, 3454, 7733], [1, 49698, 110, 1184, 7733], [1, 49698, 110, 3454, 7733], [1, 49698, 429, 1184, 7733], [1, 49698, 429, 3454, 7733], [1, 49698, 429, 11636, 7733], [1, 49698, 1033, 1184, 7733], [1, 49698, 1033, 3454, 7733], [1, 49698, 1108, 3454, 7733], [1, 49698, 1206, 3454, 7733], [1, 49698, 1206, 11636, 7733], [1, 49698, 1206, 1184, 7733], [1, 49698, 1276, 1184, 7733], [1, 49698, 1288, 1184, 7733], [1, 49698, 1614, 1184, 7733], [1, 49698, 2267, 3454, 7733], [1, 49698, 2267, 1184, 7733], [1, 49698, 2411, 1184, 7733], [1, 49698, 2508, 3454, 7733], [1, 49698, 2508, 11636, 7733], [1, 49698, 2508, 1184, 7733], [1, 49698, 2716, 1184, 7733], [1, 49698, 2933, 1184, 7733], [1, 49698, 3530, 1184, 7733], [1, 49698, 3530, 3454, 7733], [1, 49698, 5979, 1184, 7733], [1, 49698, 11083, 3454, 7733], [1, 49698, 20201, 11636, 7733], [1, 49698, 20201, 1184, 7733], [1, 49698, 20201, 3454, 7733], [1, 49698, 20822, 3454, 7733], [1, 49698, 20822, 11636, 7733], [1, 49698, 22467, 3454, 7733], [1, 49698, 22467, 11636, 7733], [1, 49698, 25160, 3454, 7733], [1, 49698, 27029, 3454, 7733], [1, 49698, 27029, 11636, 7733], [1, 49698, 38262, 3454, 7733]]
1 - 7734: [[1, 5026, 1206, 2444, 7734], [1, 14869, 989, 2444, 7734], [1, 14869, 1033, 2444, 7734], [1, 14869, 1033, 26561, 7734], [1, 14869, 1206, 2444, 7734], [1, 14869, 2271, 2444, 7734], [1, 16013, 110, 2444, 7734], [1, 16013, 1206, 2444, 7734], [1, 16013, 1276, 2444, 7734], [1, 16013, 1614, 2444, 7734], [1, 17414, 2271, 2444, 7734], [1, 17414, 2542, 2444, 7734], [1, 19932, 110, 2444, 7734], [1, 19932, 2271, 2444, 7734], [1, 49698, 110, 2444, 7734], [1, 49698, 429, 2444, 7734], [1, 49698, 1033, 2444, 7734], [1, 49698, 1033, 26561, 7734], [1, 49698, 1206, 2444, 7734], [1, 49698, 1276, 2444, 7734], [1, 49698, 1614, 2444, 7734], [1, 49698, 2267, 2444, 7734], [1, 49698, 2411, 2444, 7734], [1, 49698, 2508, 26561, 7734], [1, 49698, 2508, 2444, 7734], [1, 49698, 2933, 2444, 7734], [1, 49698, 3507, 2444, 7734], [1, 49698, 3530, 26561, 7734], [1, 49698, 3530, 2444, 7734], [1, 49698, 5979, 2444, 7734], [1, 49698, 20201, 2444, 7734], [1, 49698, 25160, 2444, 7734]]
1 - 7735: [[1, 16013, 110, 7735], [1, 19932, 110, 7735], [1, 49698, 110, 7735], [1, 49698, 2508, 7735], [1, 49698, 3530, 7735], [1, 49698, 18306, 7735], [1, 49698, 22467, 7735]]
1 - 7737: [[1, 5026, 1206, 7737], [1, 14869, 1206, 7737], [1, 16013, 110, 7737], [1, 16013, 1206, 7737], [1, 19932, 110, 7737], [1, 49698, 110, 7737], [1, 49698, 1206, 7737], [1, 49698, 2508, 7737]]
1 - 7739: [[1, 16013, 7739], [1, 49698, 7739]]
1 - 7740: [[1, 16013, 110, 7740], [1, 19932, 110, 7740], [1, 49698, 110, 7740]]
1 - 7741: [[1, 49698, 3655, 7741]]
1 - 7742: [[1, 5026, 1206, 5949, 7742], [1, 14869, 1206, 5949, 7742], [1, 16013, 1206, 5949, 7742], [1, 49698, 429, 5949, 7742], [1, 49698, 1206, 5949, 7742], [1, 49698, 2508, 5589, 7742], [1, 49698, 2508, 5949, 7742], [1, 49698, 3530, 5949, 7742], [1, 49698, 20201, 5589, 7742], [1, 49698, 20201, 5949, 7742], [1, 49698, 22467, 5589, 7742], [1, 49698, 22467, 5949, 7742]]
1 - 7744: [[1, 5026, 1206, 1172, 7744], [1, 5026, 1206, 5938, 7744], [1, 14869, 1206, 1172, 7744], [1, 14869, 1206, 5938, 7744], [1, 14869, 2271, 5938, 7744], [1, 16013, 110, 1172, 7744], [1, 16013, 1206, 1172, 7744], [1, 16013, 1206, 5938, 7744], [1, 17414, 2271, 5938, 7744], [1, 19932, 110, 1172, 7744], [1, 19932, 2271, 5938, 7744], [1, 19932, 26207, 5938, 7744], [1, 49698, 110, 1172, 7744], [1, 49698, 429, 1172, 7744], [1, 49698, 1108, 5938, 7744], [1, 49698, 1206, 1172, 7744], [1, 49698, 1206, 5938, 7744], [1, 49698, 2411, 1146, 7744], [1, 49698, 2411, 1172, 7744], [1, 49698, 2411, 5938, 7744], [1, 49698, 2508, 5938, 7744], [1, 49698, 2508, 1172, 7744], [1, 49698, 3259, 5938, 7744], [1, 49698, 3507, 5938, 7744], [1, 49698, 3530, 5938, 7744], [1, 49698, 11083, 5938, 7744], [1, 49698, 20201, 5938, 7744], [1, 49698, 20822, 5938, 7744], [1, 49698, 22467, 5938, 7744], [1, 49698, 25160, 1172, 7744], [1, 49698, 27029, 5938, 7744]]
1 - 7746: [[1, 49698, 1108, 7746]]
1 - 7747: [[1, 5026, 1206, 7747], [1, 14869, 1206, 7747], [1, 14869, 2271, 7747], [1, 16013, 27029, 7747], [1, 16013, 110, 7747], [1, 16013, 1107, 7747], [1, 16013, 1206, 7747], [1, 16013, 1614, 7747], [1, 16013, 11239, 7747], [1, 17414, 2271, 7747], [1, 19932, 110, 7747], [1, 19932, 2271, 7747], [1, 19932, 26207, 7747], [1, 49698, 110, 7747], [1, 49698, 429, 7747], [1, 49698, 1206, 7747], [1, 49698, 1614, 7747], [1, 49698, 2411, 7747], [1, 49698, 2508, 7747], [1, 49698, 3530, 7747], [1, 49698, 11239, 7747], [1, 49698, 20201, 7747], [1, 49698, 27029, 7747], [1, 49698, 38262, 7747]]
1 - 7748: [[1, 49698, 1108, 7748]]
1 - 7749: [[1, 5026, 910, 7749], [1, 14869, 1033, 7749], [1, 49698, 910, 7749], [1, 49698, 1033, 7749], [1, 49698, 2508, 7749], [1, 49698, 3092, 7749], [1, 49698, 20285, 7749], [1, 49698, 22467, 7749]]
1 - 7750: [[1, 16013, 2508, 7750], [1, 49698, 2508, 7750]]
1 - 7751: [[1, 49698, 3052, 7751]]
1 - 7752: [[1, 14869, 1033, 7752], [1, 16013, 110, 7752], [1, 19932, 110, 7752], [1, 49698, 110, 7752], [1, 49698, 429, 7752], [1, 49698, 1033, 7752]]
1 - 7753: [[1, 5026, 1206, 306, 7753], [1, 5026, 1206, 307, 7753], [1, 14869, 989, 306, 7753], [1, 14869, 1033, 306, 7753], [1, 14869, 1033, 307, 7753], [1, 14869, 1206, 306, 7753], [1, 14869, 1206, 307, 7753], [1, 14869, 2271, 306, 7753], [1, 14869, 2271, 307, 7753], [1, 16013, 110, 306, 7753], [1, 16013, 110, 307, 7753], [1, 16013, 1206, 306, 7753], [1, 16013, 1206, 307, 7753], [1, 16013, 1276, 306, 7753], [1, 16013, 1276, 307, 7753], [1, 16013, 1614, 306, 7753], [1, 17414, 2271, 306, 7753], [1, 17414, 2271, 307, 7753], [1, 17414, 2542, 306, 7753], [1, 19932, 110, 306, 7753], [1, 19932, 110, 307, 7753], [1, 19932, 2271, 306, 7753], [1, 19932, 2271, 307, 7753], [1, 49698, 110, 306, 7753], [1, 49698, 110, 307, 7753], [1, 49698, 429, 306, 7753], [1, 49698, 429, 307, 7753], [1, 49698, 1033, 306, 7753], [1, 49698, 1033, 307, 7753], [1, 49698, 1206, 306, 7753], [1, 49698, 1206, 307, 7753], [1, 49698, 1276, 306, 7753], [1, 49698, 1276, 307, 7753], [1, 49698, 1614, 306, 7753], [1, 49698, 2267, 306, 7753], [1, 49698, 2267, 307, 7753], [1, 49698, 2411, 306, 7753], [1, 49698, 2411, 307, 7753], [1, 49698, 2508, 306, 7753], [1, 49698, 2508, 307, 7753], [1, 49698, 2933, 306, 7753], [1, 49698, 3530, 307, 7753], [1, 49698, 5979, 306, 7753], [1, 49698, 5979, 307, 7753], [1, 49698, 38262, 306, 7753]]
1 - 7755: [[1, 5026, 1206, 7755], [1, 14869, 1206, 7755], [1, 14869, 2271, 7755], [1, 16013, 16903, 7755], [1, 16013, 110, 7755], [1, 16013, 1206, 7755], [1, 17414, 2271, 7755], [1, 19932, 110, 7755], [1, 19932, 2271, 7755], [1, 44238, 3828, 7755], [1, 46814, 3828, 7755], [1, 49698, 110, 7755], [1, 49698, 429, 7755], [1, 49698, 1206, 7755], [1, 49698, 2353, 7755], [1, 49698, 2508, 7755], [1, 49698, 3052, 7755], [1, 49698, 3259, 7755], [1, 49698, 11083, 7755], [1, 49698, 16903, 7755], [1, 49698, 18306, 7755], [1, 49698, 20201, 7755], [1, 49698, 22467, 7755], [1, 49698, 27029, 7755]]
1 - 7756: [[1, 49698, 6158, 7756]]
1 - 7757: [[1, 5026, 1206, 7757], [1, 14869, 1033, 7757], [1, 14869, 1206, 7757], [1, 16013, 1107, 7757], [1, 16013, 1206, 7757], [1, 16013, 1614, 7757], [1, 49698, 429, 7757], [1, 49698, 1033, 7757], [1, 49698, 1206, 7757], [1, 49698, 1288, 7757], [1, 49698, 1614, 7757], [1, 49698, 2508, 7757], [1, 49698, 27029, 7757]]
1 - 7759: [[1, 16013, 110, 7759], [1, 19932, 110, 7759], [1, 49698, 110, 7759]]
1 - 7760: [[1, 49698, 11271, 7760]]
1 - 7761: [[1, 49698, 2391, 7761]]
1 - 7762: [[1, 5026, 1206, 7762], [1, 14869, 1206, 7762], [1, 16013, 1206, 7762], [1, 19932, 26207, 7762], [1, 49698, 1206, 7762], [1, 49698, 2411, 7762], [1, 49698, 2508, 7762], [1, 49698, 18306, 7762], [1, 49698, 20201, 7762], [1, 49698, 22467, 7762], [1, 49698, 27029, 7762]]
1 - 7763: [[1, 5026, 1206, 3454, 7763], [1, 5026, 1206, 1184, 7763], [1, 14869, 989, 1184, 7763], [1, 14869, 1033, 1184, 7763], [1, 14869, 1033, 3454, 7763], [1, 14869, 1206, 3454, 7763], [1, 14869, 1206, 1184, 7763], [1, 14869, 2271, 1184, 7763], [1, 16013, 110, 1184, 7763], [1, 16013, 110, 3454, 7763], [1, 16013, 1206, 3454, 7763], [1, 16013, 1206, 1184, 7763], [1, 16013, 1276, 1184, 7763], [1, 16013, 1614, 1184, 7763], [1, 17414, 2271, 1184, 7763], [1, 17414, 2542, 1184, 7763], [1, 19932, 110, 1184, 7763], [1, 19932, 110, 3454, 7763], [1, 19932, 2271, 1184, 7763], [1, 19932, 26207, 3454, 7763], [1, 49698, 110, 1184, 7763], [1, 49698, 110, 3454, 7763], [1, 49698, 429, 1184, 7763], [1, 49698, 429, 3454, 7763], [1, 49698, 1033, 1184, 7763], [1, 49698, 1033, 3454, 7763], [1, 49698, 1108, 3454, 7763], [1, 49698, 1206, 3454, 7763], [1, 49698, 1206, 1184, 7763], [1, 49698, 1276, 1184, 7763], [1, 49698, 1288, 1184, 7763], [1, 49698, 1614, 1184, 7763], [1, 49698, 2267, 3454, 7763], [1, 49698, 2267, 1184, 7763], [1, 49698, 2411, 1184, 7763], [1, 49698, 2508, 3454, 7763], [1, 49698, 2508, 1184, 7763], [1, 49698, 2716, 1184, 7763], [1, 49698, 2933, 1184, 7763], [1, 49698, 3530, 1184, 7763], [1, 49698, 3530, 3454, 7763], [1, 49698, 5979, 1184, 7763], [1, 49698, 11083, 3454, 7763], [1, 49698, 20201, 1184, 7763], [1, 49698, 20201, 3454, 7763], [1, 49698, 20822, 3454, 7763], [1, 49698, 22467, 3454, 7763], [1, 49698, 25160, 3454, 7763], [1, 49698, 27029, 3454, 7763], [1, 49698, 38262, 3454, 7763]]
1 - 7765: [[1, 16013, 1114, 7765], [1, 16013, 6149, 7765], [1, 49698, 1114, 7765], [1, 49698, 2508, 7765], [1, 49698, 6149, 7765], [1, 49698, 11083, 7765], [1, 49698, 20201, 7765], [1, 49698, 22467, 7765]]
1 - 7766: [[1, 49698, 2508, 7766], [1, 49698, 38944, 7766]]
1 - 7768: [[1, 5026, 1206, 7768], [1, 14869, 1206, 7768], [1, 14869, 2271, 7768], [1, 16013, 20201, 7768], [1, 16013, 1206, 7768], [1, 17414, 2271, 7768], [1, 19932, 2271, 7768], [1, 49698, 1206, 7768], [1, 49698, 2508, 7768], [1, 49698, 3530, 7768], [1, 49698, 11083, 7768], [1, 49698, 20201, 7768], [1, 49698, 22467, 7768]]
1 - 7769: [[1, 49698, 18306, 7769], [1, 49698, 32564, 7769]]
1 - 7770: [[1, 5026, 1206, 7770], [1, 14869, 1206, 7770], [1, 14869, 2271, 7770], [1, 16013, 110, 7770], [1, 16013, 1206, 7770], [1, 17414, 2271, 7770], [1, 19932, 110, 7770], [1, 19932, 2271, 7770], [1, 49698, 110, 7770], [1, 49698, 429, 7770], [1, 49698, 1206, 7770], [1, 49698, 2508, 7770], [1, 49698, 11083, 7770], [1, 49698, 20822, 7770], [1, 49698, 22467, 7770]]
1 - 7771: [[1, 14869, 2271, 7771], [1, 17414, 2271, 7771], [1, 19932, 2271, 7771]]
1 - 7772: [[1, 49698, 7772]]
1 - 7773: [[1, 49698, 2508, 7773], [1, 49698, 22467, 7773]]
1 - 7774: [[1, 49698, 3052, 7774]]
1 - 7775: [[1, 49698, 3052, 7775]]
