1 - 8955: [[1, 16013, 110, 8955], [1, 17414, 2542, 8955], [1, 19932, 110, 8955], [1, 49698, 110, 8955]]
1 - 8956: [[1, 17414, 2542, 8956], [1, 49698, 1288, 8956]]
1 - 8957: [[1, 5026, 1206, 8957], [1, 14869, 1206, 8957], [1, 16013, 1206, 8957], [1, 49698, 1206, 8957], [1, 49698, 1288, 8957]]
1 - 8958: [[1, 14869, 2271, 8958], [1, 16013, 110, 8958], [1, 17414, 2271, 8958], [1, 19932, 110, 8958], [1, 19932, 2271, 8958], [1, 49698, 110, 8958]]
1 - 8959: [[1, 5026, 1206, 8959], [1, 14869, 1206, 8959], [1, 14869, 2271, 8959], [1, 16013, 1206, 8959], [1, 17414, 2271, 8959], [1, 19932, 2271, 8959], [1, 49698, 1206, 8959]]
1 - 8960: [[1, 14869, 2271, 8960], [1, 17414, 2271, 8960], [1, 19932, 2271, 8960]]
1 - 8961: [[1, 49698, 350, 8961]]
1 - 8962: [[1, 49698, 3052, 8962]]
1 - 8964: [[1, 14869, 2271, 8964], [1, 17414, 2271, 8964], [1, 17414, 2542, 8964], [1, 19932, 2271, 8964], [1, 49698, 2508, 8964]]
1 - 8965: [[1, 17414, 2542, 8965]]
1 - 8966: [[1, 5026, 1206, 8966], [1, 14869, 1206, 8966], [1, 16013, 1206, 8966], [1, 17414, 2542, 8966], [1, 49698, 1206, 8966]]
1 - 8967: [[1, 5026, 1206, 8967], [1, 14869, 1206, 8967], [1, 14869, 2271, 8967], [1, 16013, 110, 8967], [1, 16013, 1206, 8967], [1, 17414, 2271, 8967], [1, 19932, 110, 8967], [1, 19932, 2271, 8967], [1, 49698, 110, 8967], [1, 49698, 429, 8967], [1, 49698, 1206, 8967], [1, 49698, 2508, 8967], [1, 49698, 18306, 8967], [1, 49698, 20201, 8967]]
1 - 8969: [[1, 16013, 110, 7582, 8969], [1, 19932, 110, 7582, 8969], [1, 49698, 110, 7582, 8969], [1, 49698, 429, 7582, 8969]]
1 - 8970: [[1, 5026, 1206, 8970], [1, 14869, 1206, 8970], [1, 16013, 1206, 8970], [1, 17414, 2542, 8970], [1, 49698, 1206, 8970]]
1 - 8971: [[1, 5026, 1206, 8971], [1, 14869, 1206, 8971], [1, 16013, 1206, 8971], [1, 49698, 1206, 8971]]
1 - 8973: [[1, 5026, 1206, 14528, 8973], [1, 5026, 1206, 123, 8973], [1, 14869, 989, 123, 8973], [1, 14869, 1033, 123, 8973], [1, 14869, 1206, 14528, 8973], [1, 14869, 1206, 123, 8973], [1, 14869, 2271, 123, 8973], [1, 16013, 110, 123, 8973], [1, 16013, 110, 14528, 8973], [1, 16013, 1206, 14528, 8973], [1, 16013, 1206, 123, 8973], [1, 16013, 1276, 123, 8973], [1, 16013, 1614, 123, 8973], [1, 16013, 19481, 123, 8973], [1, 17414, 2271, 123, 8973], [1, 17414, 2542, 123, 8973], [1, 19932, 110, 123, 8973], [1, 19932, 110, 14528, 8973], [1, 19932, 2271, 123, 8973], [1, 49698, 110, 123, 8973], [1, 49698, 110, 14528, 8973], [1, 49698, 429, 123, 8973], [1, 49698, 1033, 123, 8973], [1, 49698, 1206, 14528, 8973], [1, 49698, 1206, 123, 8973], [1, 49698, 1276, 123, 8973], [1, 49698, 1288, 123, 8973], [1, 49698, 1614, 123, 8973], [1, 49698, 1723, 123, 8973], [1, 49698, 2267, 123, 8973], [1, 49698, 2411, 123, 8973], [1, 49698, 2508, 123, 8973], [1, 49698, 2716, 123, 8973], [1, 49698, 5979, 123, 8973], [1, 49698, 38262, 123, 8973]]
1 - 8974: [[1, 14869, 2271, 8974], [1, 17414, 2271, 8974], [1, 17414, 2542, 8974], [1, 19932, 2271, 8974]]
1 - 8975: [[1, 5026, 1206, 19809, 8975], [1, 5026, 1206, 306, 8975], [1, 14869, 989, 306, 8975], [1, 14869, 1033, 306, 8975], [1, 14869, 1206, 19809, 8975], [1, 14869, 1206, 306, 8975], [1, 14869, 2271, 306, 8975], [1, 16013, 110, 306, 8975], [1, 16013, 1206, 19809, 8975], [1, 16013, 1206, 306, 8975], [1, 16013, 1276, 306, 8975], [1, 16013, 1614, 306, 8975], [1, 17414, 2271, 306, 8975], [1, 17414, 2542, 306, 8975], [1, 19932, 110, 306, 8975], [1, 19932, 2271, 306, 8975], [1, 49698, 110, 306, 8975], [1, 49698, 429, 306, 8975], [1, 49698, 1033, 306, 8975], [1, 49698, 1206, 19809, 8975], [1, 49698, 1206, 306, 8975], [1, 49698, 1276, 306, 8975], [1, 49698, 1614, 306, 8975], [1, 49698, 2267, 306, 8975], [1, 49698, 2411, 306, 8975], [1, 49698, 2508, 306, 8975], [1, 49698, 2933, 19809, 8975], [1, 49698, 2933, 306, 8975], [1, 49698, 5979, 306, 8975], [1, 49698, 38262, 306, 8975]]
1 - 8977: [[1, 5026, 1206, 8977], [1, 14869, 1206, 8977], [1, 16013, 1206, 8977], [1, 49698, 1206, 8977]]
1 - 8978: [[1, 5026, 1206, 8978], [1, 14869, 1206, 8978], [1, 16013, 1206, 8978], [1, 49698, 1206, 8978]]
1 - 8980: [[1, 5026, 1206, 8980], [1, 14869, 1206, 8980], [1, 16013, 110, 8980], [1, 16013, 1206, 8980], [1, 17414, 2542, 8980], [1, 19932, 110, 8980], [1, 49698, 110, 8980], [1, 49698, 1206, 8980]]
1 - 8981: [[1, 16013, 110, 8981], [1, 19932, 110, 8981], [1, 49698, 110, 8981]]
1 - 8982: [[1, 16013, 2508, 8982], [1, 49698, 2508, 8982]]
1 - 8983: [[1, 16013, 22720, 22342, 8983], [1, 49698, 22720, 22342, 8983]]
1 - 8984: [[1, 49698, 2508, 2650, 8984]]
1 - 8985: [[1, 5026, 1206, 123, 8985], [1, 14869, 989, 123, 8985], [1, 14869, 1033, 123, 8985], [1, 14869, 1206, 123, 8985], [1, 14869, 2271, 123, 8985], [1, 16013, 110, 123, 8985], [1, 16013, 1206, 123, 8985], [1, 16013, 1276, 123, 8985], [1, 16013, 1614, 123, 8985], [1, 16013, 19481, 123, 8985], [1, 17414, 2271, 123, 8985], [1, 17414, 2542, 123, 8985], [1, 19932, 110, 123, 8985], [1, 19932, 2271, 123, 8985], [1, 49698, 110, 123, 8985], [1, 49698, 429, 123, 8985], [1, 49698, 1033, 123, 8985], [1, 49698, 1206, 123, 8985], [1, 49698, 1276, 123, 8985], [1, 49698, 1288, 123, 8985], [1, 49698, 1614, 123, 8985], [1, 49698, 1723, 123, 8985], [1, 49698, 2267, 123, 8985], [1, 49698, 2411, 123, 8985], [1, 49698, 2508, 123, 8985], [1, 49698, 2716, 123, 8985], [1, 49698, 5979, 123, 8985], [1, 49698, 38262, 123, 8985]]
1 - 8986: [[1, 16013, 110, 8986], [1, 19932, 110, 8986], [1, 49698, 110, 8986], [1, 49698, 4939, 8986]]
1 - 8987: [[1, 5026, 1206, 8987], [1, 14869, 1206, 8987], [1, 16013, 1206, 8987], [1, 49698, 1206, 8987]]
1 - 8988: [[1, 5026, 1206, 8988], [1, 14869, 1206, 8988], [1, 16013, 1206, 8988], [1, 17414, 2542, 8988], [1, 49698, 1206, 8988]]
1 - 8989: [[1, 16013, 1276, 8989], [1, 16013, 2508, 8989], [1, 48458, 5638, 8989], [1, 49698, 1276, 8989], [1, 49698, 1723, 8989], [1, 49698, 2508, 8989], [1, 49698, 5638, 8989], [1, 49698, 11083, 8989], [1, 49698, 20201, 8989], [1, 49698, 22467, 8989], [1, 49698, 38262, 8989]]
1 - 8990: [[1, 49698, 2411, 36022, 8990], [1, 49698, 2411, 42419, 8990], [1, 49698, 3507, 36022, 8990], [1, 49698, 3507, 42419, 8990]]
1 - 8991: [[1, 5026, 1206, 4102, 8991], [1, 14869, 1033, 4102, 8991], [1, 14869, 1206, 4102, 8991], [1, 16013, 110, 4102, 8991], [1, 16013, 1206, 4102, 8991], [1, 16013, 1276, 4102, 8991], [1, 16013, 1276, 8989, 8991], [1, 16013, 1614, 4102, 8991], [1, 16013, 2508, 8989, 8991], [1, 19932, 110, 4102, 8991], [1, 48458, 5638, 8989, 8991], [1, 49698, 110, 4102, 8991], [1, 49698, 1033, 4102, 8991], [1, 49698, 1206, 4102, 8991], [1, 49698, 1276, 4102, 8991], [1, 49698, 1276, 8989, 8991], [1, 49698, 1614, 4102, 8991], [1, 49698, 1723, 4102, 8991], [1, 49698, 1723, 8989, 8991], [1, 49698, 2508, 4102, 8991], [1, 49698, 2508, 8989, 8991], [1, 49698, 5638, 8989, 8991], [1, 49698, 11083, 8989, 8991], [1, 49698, 20201, 4102, 8991], [1, 49698, 20201, 8989, 8991], [1, 49698, 22467, 8989, 8991], [1, 49698, 38262, 8989, 8991], [1, 49698, 38262, 4102, 8991]]
1 - 8992: [[1, 5026, 1206, 4102, 8992], [1, 14869, 1033, 1689, 8992], [1, 14869, 1033, 4102, 8992], [1, 14869, 1206, 4102, 8992], [1, 16013, 110, 4102, 8992], [1, 16013, 1206, 4102, 8992], [1, 16013, 1276, 1689, 8992], [1, 16013, 1276, 4102, 8992], [1, 16013, 1614, 4102, 8992], [1, 19932, 110, 4102, 8992], [1, 49698, 110, 4102, 8992], [1, 49698, 1033, 1689, 8992], [1, 49698, 1033, 4102, 8992], [1, 49698, 1206, 4102, 8992], [1, 49698, 1276, 1689, 8992], [1, 49698, 1276, 4102, 8992], [1, 49698, 1614, 4102, 8992], [1, 49698, 1723, 4102, 8992], [1, 49698, 2508, 4102, 8992], [1, 49698, 2508, 1689, 8992], [1, 49698, 3530, 1689, 8992], [1, 49698, 3720, 1689, 8992], [1, 49698, 10426, 1689, 8992], [1, 49698, 11083, 1689, 8992], [1, 49698, 20201, 4102, 8992], [1, 49698, 38262, 1689, 8992], [1, 49698, 38262, 4102, 8992]]
1 - 8995: [[1, 5026, 1206, 22977, 8995], [1, 14869, 1033, 22977, 8995], [1, 14869, 1206, 22977, 8995], [1, 16013, 1206, 22977, 8995], [1, 16013, 1276, 22977, 8995], [1, 16013, 2508, 22977, 8995], [1, 19932, 26207, 22977, 8995], [1, 44238, 3828, 22977, 8995], [1, 46814, 3828, 22977, 8995], [1, 49698, 429, 22977, 8995], [1, 49698, 1033, 22977, 8995], [1, 49698, 1206, 22977, 8995], [1, 49698, 1276, 22977, 8995], [1, 49698, 1723, 22977, 8995], [1, 49698, 2267, 22977, 8995], [1, 49698, 2508, 22977, 8995], [1, 49698, 2716, 22977, 8995], [1, 49698, 2757, 22977, 8995], [1, 49698, 3530, 22977, 8995], [1, 49698, 11083, 22977, 8995], [1, 49698, 18306, 22977, 8995], [1, 49698, 20201, 22977, 8995], [1, 49698, 20822, 22977, 8995], [1, 49698, 22467, 22977, 8995], [1, 49698, 38262, 22977, 8995]]
1 - 8996: [[1, 19932, 3828, 8996], [1, 44238, 3828, 8996], [1, 46814, 3828, 8996]]
1 - 8997: [[1, 5026, 1206, 2772, 1666, 8997], [1, 5026, 1206, 28433, 28449, 8997], [1, 14869, 1033, 2772, 1666, 8997], [1, 14869, 1033, 28433, 28449, 8997], [1, 14869, 1206, 2772, 1666, 8997], [1, 14869, 1206, 28433, 28449, 8997], [1, 16013, 110, 28433, 28449, 8997], [1, 16013, 1206, 2772, 1666, 8997], [1, 16013, 1206, 28433, 28449, 8997], [1, 16013, 1276, 2772, 1666, 8997], [1, 16013, 1276, 28433, 28449, 8997], [1, 16013, 1614, 2772, 1666, 8997], [1, 16013, 1614, 28433, 28449, 8997], [1, 19932, 110, 28433, 28449, 8997], [1, 19932, 3828, 2772, 1666, 8997], [1, 19932, 26207, 28433, 28449, 8997], [1, 44238, 3828, 2772, 1666, 8997], [1, 46814, 3828, 2772, 1666, 8997], [1, 49698, 110, 28433, 28449, 8997], [1, 49698, 429, 2772, 1666, 8997], [1, 49698, 1033, 2772, 1666, 8997], [1, 49698, 1033, 28433, 28449, 8997], [1, 49698, 1206, 2772, 1666, 8997], [1, 49698, 1206, 28433, 28449, 8997], [1, 49698, 1276, 2772, 1666, 8997], [1, 49698, 1276, 28433, 28449, 8997], [1, 49698, 1614, 2772, 1666, 8997], [1, 49698, 1614, 28433, 28449, 8997], [1, 49698, 1723, 2772, 1666, 8997], [1, 49698, 1723, 28433, 28449, 8997], [1, 49698, 2267, 2772, 1666, 8997], [1, 49698, 2267, 28433, 28449, 8997], [1, 49698, 2411, 2772, 1666, 8997], [1, 49698, 2411, 28433, 28449, 8997], [1, 49698, 2508, 2772, 1666, 8997], [1, 49698, 2508, 28433, 28449, 8997], [1, 49698, 2716, 2772, 1666, 8997], [1, 49698, 2716, 28433, 28449, 8997], [1, 49698, 11083, 28433, 28449, 8997], [1, 49698, 18306, 28433, 28449, 8997], [1, 49698, 20201, 28433, 28449, 8997], [1, 49698, 20201, 2772, 1666, 8997], [1, 49698, 22467, 28433, 28449, 8997], [1, 49698, 27029, 28433, 28449, 8997]]
1 - 8998: [[1, 14869, 1033, 8998], [1, 49698, 1033, 8998]]
1 - 9000: [[1, 5026, 2732, 9000]]
1 - 9001: [[1, 5026, 1206, 1684, 9001], [1, 5026, 1206, 3718, 9001], [1, 14869, 1033, 1684, 9001], [1, 14869, 1033, 3718, 9001], [1, 14869, 1206, 1684, 9001], [1, 14869, 1206, 3718, 9001], [1, 16013, 110, 1684, 9001], [1, 16013, 110, 3718, 9001], [1, 16013, 1206, 1684, 9001], [1, 16013, 1206, 3718, 9001], [1, 16013, 1276, 1684, 9001], [1, 16013, 1276, 3718, 9001], [1, 16013, 1614, 1684, 9001], [1, 16013, 1614, 3718, 9001], [1, 16013, 2508, 1684, 9001], [1, 16013, 2508, 3718, 9001], [1, 17414, 2542, 1684, 9001], [1, 19932, 110, 1684, 9001], [1, 19932, 110, 3718, 9001], [1, 19932, 26207, 1684, 9001], [1, 49698, 110, 1684, 9001], [1, 49698, 110, 3718, 9001], [1, 49698, 429, 1684, 9001], [1, 49698, 429, 3718, 9001], [1, 49698, 856, 1684, 9001], [1, 49698, 1033, 1684, 9001], [1, 49698, 1033, 3718, 9001], [1, 49698, 1206, 1684, 9001], [1, 49698, 1206, 3718, 9001], [1, 49698, 1276, 1684, 9001], [1, 49698, 1276, 3718, 9001], [1, 49698, 1288, 1684, 9001], [1, 49698, 1614, 1684, 9001], [1, 49698, 1614, 3718, 9001], [1, 49698, 1723, 3718, 9001], [1, 49698, 1723, 1684, 9001], [1, 49698, 2267, 1684, 9001], [1, 49698, 2267, 3718, 9001], [1, 49698, 2411, 3718, 9001], [1, 49698, 2508, 1684, 9001], [1, 49698, 2508, 3718, 9001], [1, 49698, 2716, 1684, 9001], [1, 49698, 2716, 3718, 9001], [1, 49698, 3530, 1684, 9001], [1, 49698, 3720, 1684, 9001], [1, 49698, 11083, 1684, 9001], [1, 49698, 20201, 1684, 9001], [1, 49698, 20201, 3718, 9001], [1, 49698, 20822, 1684, 9001], [1, 49698, 22467, 1684, 9001], [1, 49698, 22467, 3718, 9001], [1, 49698, 38262, 1684, 9001]]
1 - 9002: [[1, 14869, 989, 19467, 9002], [1, 14869, 1033, 19467, 9002], [1, 14869, 2271, 19467, 9002], [1, 16013, 1614, 19467, 9002], [1, 16013, 1723, 19467, 9002], [1, 16013, 1723, 23477, 9002], [1, 16013, 11239, 19467, 9002], [1, 17414, 2271, 19467, 9002], [1, 19932, 2271, 19467, 9002], [1, 49698, 429, 19467, 9002], [1, 49698, 1033, 19467, 9002], [1, 49698, 1108, 19467, 9002], [1, 49698, 1614, 19467, 9002], [1, 49698, 1723, 19467, 9002], [1, 49698, 1723, 23477, 9002], [1, 49698, 2267, 19467, 9002], [1, 49698, 2508, 19467, 9002], [1, 49698, 3530, 19467, 9002], [1, 49698, 11083, 19467, 9002], [1, 49698, 11239, 19467, 9002], [1, 49698, 18306, 19467, 9002], [1, 49698, 20201, 19467, 9002], [1, 49698, 22467, 19467, 9002], [1, 49698, 25160, 19467, 9002]]
1 - 9003: [[1, 16013, 1723, 9003], [1, 49698, 1723, 9003]]
1 - 9004: [[1, 19932, 36068, 9004], [1, 44552, 36068, 9004]]
1 - 9005: [[1, 19932, 3828, 9005], [1, 19932, 9442, 9005], [1, 19932, 26207, 9005], [1, 44238, 3828, 9005], [1, 46814, 3828, 9005]]
1 - 9007: [[1, 19932, 38407, 28651, 9007], [1, 19932, 3828, 28651, 9007], [1, 19932, 3888, 28651, 9007], [1, 19932, 9442, 28651, 9007], [1, 19932, 9442, 1667, 9007], [1, 19932, 36068, 28651, 9007], [1, 19932, 36068, 1667, 9007], [1, 19932, 43568, 1667, 9007], [1, 44238, 3828, 28651, 9007], [1, 44238, 3828, 1667, 9007], [1, 44552, 36068, 28651, 9007], [1, 44552, 36068, 1667, 9007], [1, 45532, 38407, 28651, 9007], [1, 45532, 38407, 1667, 9007], [1, 46814, 3828, 28651, 9007], [1, 46814, 3828, 1667, 9007], [1, 46814, 44566, 1667, 9007], [1, 49698, 2267, 1667, 9007], [1, 49698, 2716, 1667, 9007], [1, 49698, 3507, 1667, 9007]]
1 - 9008: [[1, 16013, 1276, 9008], [1, 16013, 1614, 9008], [1, 49698, 429, 9008], [1, 49698, 1276, 9008], [1, 49698, 1614, 9008], [1, 49698, 1723, 9008], [1, 49698, 2508, 9008], [1, 49698, 11083, 9008], [1, 49698, 38262, 9008]]
1 - 9009: [[1, 5026, 1206, 3718, 9009], [1, 14869, 1033, 3718, 9009], [1, 14869, 1206, 3718, 9009], [1, 16013, 110, 3718, 9009], [1, 16013, 110, 3936, 9009], [1, 16013, 1206, 3718, 9009], [1, 16013, 1276, 3718, 9009], [1, 16013, 1276, 3936, 9009], [1, 16013, 1614, 3718, 9009], [1, 16013, 1614, 3936, 9009], [1, 16013, 2508, 3718, 9009], [1, 19932, 110, 3718, 9009], [1, 19932, 110, 3936, 9009], [1, 49698, 110, 3718, 9009], [1, 49698, 110, 3936, 9009], [1, 49698, 429, 3718, 9009], [1, 49698, 429, 3936, 9009], [1, 49698, 1033, 3718, 9009], [1, 49698, 1206, 3718, 9009], [1, 49698, 1276, 3718, 9009], [1, 49698, 1276, 3936, 9009], [1, 49698, 1614, 3718, 9009], [1, 49698, 1614, 3936, 9009], [1, 49698, 1723, 3718, 9009], [1, 49698, 1723, 3936, 9009], [1, 49698, 2267, 3718, 9009], [1, 49698, 2411, 3718, 9009], [1, 49698, 2508, 3718, 9009], [1, 49698, 2508, 3936, 9009], [1, 49698, 2716, 3718, 9009], [1, 49698, 2716, 3936, 9009], [1, 49698, 3139, 3936, 9009], [1, 49698, 3530, 3936, 9009], [1, 49698, 11083, 3936, 9009], [1, 49698, 20201, 3718, 9009], [1, 49698, 20201, 3936, 9009], [1, 49698, 22467, 3718, 9009], [1, 49698, 38262, 3936, 9009]]
1 - 9011: [[1, 19932, 3828, 9011], [1, 44238, 3828, 9011], [1, 46814, 3828, 9011]]
1 - 9012: [[1, 5026, 1206, 1684, 9012], [1, 14869, 1033, 1684, 9012], [1, 14869, 1206, 1684, 9012], [1, 16013, 110, 1684, 9012], [1, 16013, 1206, 1684, 9012], [1, 16013, 1276, 1684, 9012], [1, 16013, 1614, 1684, 9012], [1, 16013, 2508, 1684, 9012], [1, 17414, 2542, 1684, 9012], [1, 19932, 110, 1684, 9012], [1, 19932, 26207, 1684, 9012], [1, 49698, 110, 1684, 9012], [1, 49698, 429, 1684, 9012], [1, 49698, 856, 1684, 9012], [1, 49698, 1033, 1684, 9012], [1, 49698, 1206, 1684, 9012], [1, 49698, 1276, 1684, 9012], [1, 49698, 1288, 1684, 9012], [1, 49698, 1614, 1684, 9012], [1, 49698, 1723, 1684, 9012], [1, 49698, 2267, 1684, 9012], [1, 49698, 2508, 1684, 9012], [1, 49698, 2716, 1684, 9012], [1, 49698, 3530, 1684, 9012], [1, 49698, 3720, 1684, 9012], [1, 49698, 11083, 1684, 9012], [1, 49698, 20201, 1684, 9012], [1, 49698, 20822, 1684, 9012], [1, 49698, 22467, 1684, 9012], [1, 49698, 38262, 1684, 9012]]
1 - 9013: [[1, 49698, 1723, 9013], [1, 49698, 2508, 9013], [1, 49698, 20201, 9013], [1, 49698, 22467, 9013]]
1 - 9014: [[1, 16013, 110, 9014], [1, 16013, 1723, 9014], [1, 16013, 2508, 9014], [1, 19932, 110, 9014], [1, 49698, 110, 9014], [1, 49698, 1723, 9014], [1, 49698, 2267, 9014], [1, 49698, 2508, 9014], [1, 49698, 18306, 9014], [1, 49698, 20201, 9014], [1, 49698, 22467, 9014]]
1 - 9015: [[1, 49698, 2508, 9015]]
1 - 9016: [[1, 19932, 3828, 9016], [1, 44238, 3828, 9016], [1, 46814, 3828, 9016]]
1 - 9018: [[1, 16013, 2508, 9018], [1, 49698, 1288, 9018], [1, 49698, 2508, 9018]]
1 - 9019: [[1, 16013, 1723, 9019], [1, 49698, 1723, 9019], [1, 49698, 2508, 9019]]
1 - 9020: [[1, 5026, 1206, 2772, 1666, 9020], [1, 14869, 1033, 2772, 1666, 9020], [1, 14869, 1033, 22997, 2847, 9020], [1, 14869, 1033, 28554, 2847, 9020], [1, 14869, 1206, 2772, 1666, 9020], [1, 16013, 27029, 28554, 2847, 9020], [1, 16013, 1206, 2772, 1666, 9020], [1, 16013, 1276, 2772, 1666, 9020], [1, 16013, 1276, 28554, 2847, 9020], [1, 16013, 1614, 2772, 1666, 9020], [1, 16013, 1614, 22997, 2847, 9020], [1, 16013, 1614, 28554, 2847, 9020], [1, 16013, 2508, 28554, 2847, 9020], [1, 16013, 11239, 22997, 2847, 9020], [1, 19932, 3828, 2772, 1666, 9020], [1, 19932, 26207, 28554, 2847, 9020], [1, 19932, 26207, 22997, 2847, 9020], [1, 44238, 3828, 2772, 1666, 9020], [1, 46814, 3828, 2772, 1666, 9020], [1, 48458, 5638, 28554, 2847, 9020], [1, 49698, 429, 2772, 1666, 9020], [1, 49698, 429, 22997, 2847, 9020], [1, 49698, 429, 28554, 2847, 9020], [1, 49698, 1033, 2772, 1666, 9020], [1, 49698, 1033, 22997, 2847, 9020], [1, 49698, 1033, 28554, 2847, 9020], [1, 49698, 1108, 22997, 2847, 9020], [1, 49698, 1206, 2772, 1666, 9020], [1, 49698, 1276, 2772, 1666, 9020], [1, 49698, 1276, 28554, 2847, 9020], [1, 49698, 1614, 2772, 1666, 9020], [1, 49698, 1614, 22997, 2847, 9020], [1, 49698, 1614, 28554, 2847, 9020], [1, 49698, 1723, 2772, 1666, 9020], [1, 49698, 1723, 22997, 2847, 9020], [1, 49698, 1723, 28554, 2847, 9020], [1, 49698, 2267, 2772, 1666, 9020], [1, 49698, 2267, 22997, 2847, 9020], [1, 49698, 2267, 28554, 2847, 9020], [1, 49698, 2411, 2772, 1666, 9020], [1, 49698, 2508, 2772, 1666, 9020], [1, 49698, 2508, 22997, 2847, 9020], [1, 49698, 2508, 28554, 2847, 9020], [1, 49698, 2716, 2772, 1666, 9020], [1, 49698, 2716, 22997, 2847, 9020], [1, 49698, 2716, 28554, 2847, 9020], [1, 49698, 3530, 22997, 2847, 9020], [1, 49698, 3530, 28554, 2847, 9020], [1, 49698, 3720, 28554, 2847, 9020], [1, 49698, 5638, 28554, 2847, 9020], [1, 49698, 11083, 22997, 2847, 9020], [1, 49698, 11239, 22997, 2847, 9020], [1, 49698, 18306, 22997, 2847, 9020], [1, 49698, 20201, 22997, 2847, 9020], [1, 49698, 20201, 28554, 2847, 9020], [1, 49698, 20201, 2772, 1666, 9020], [1, 49698, 22467, 22997, 2847, 9020], [1, 49698, 22467, 28554, 2847, 9020], [1, 49698, 25160, 22997, 2847, 9020], [1, 49698, 27029, 28554, 2847, 9020], [1, 49698, 27029, 22997, 2847, 9020], [1, 49698, 38262, 22997, 2847, 9020], [1, 49698, 38262, 28554, 2847, 9020]]
1 - 9021: [[1, 16013, 1723, 9021], [1, 49698, 1723, 9021]]
1 - 9023: [[1, 19932, 3828, 9023], [1, 19932, 9442, 9023], [1, 19932, 36068, 9023], [1, 44238, 3828, 9023], [1, 44552, 36068, 9023], [1, 46814, 3828, 9023]]
1 - 9024: [[1, 5026, 1206, 9024], [1, 14869, 989, 9024], [1, 14869, 1206, 9024], [1, 16013, 1206, 9024], [1, 19932, 3828, 9024], [1, 19932, 36068, 9024], [1, 44238, 3828, 9024], [1, 44552, 36068, 9024], [1, 46814, 3828, 9024], [1, 49698, 1206, 9024]]
1 - 9026: [[1, 49698, 1723, 9044, 9026], [1, 49698, 2267, 9044, 9026], [1, 49698, 2411, 9044, 9026], [1, 49698, 2508, 9044, 9026], [1, 49698, 2716, 9044, 9026], [1, 49698, 20201, 9044, 9026]]
1 - 9028: [[1, 14869, 1033, 38438, 9028], [1, 16013, 110, 38436, 9028], [1, 16013, 110, 38438, 9028], [1, 16013, 2508, 38436, 9028], [1, 19932, 110, 38436, 9028], [1, 19932, 110, 38438, 9028], [1, 19932, 3828, 38438, 9028], [1, 44238, 3828, 38438, 9028], [1, 46814, 3828, 38438, 9028], [1, 49698, 110, 38436, 9028], [1, 49698, 110, 38438, 9028], [1, 49698, 1033, 38438, 9028], [1, 49698, 1723, 38436, 9028], [1, 49698, 1723, 38438, 9028], [1, 49698, 2267, 38438, 9028], [1, 49698, 2411, 38438, 9028], [1, 49698, 2508, 38436, 9028], [1, 49698, 2508, 38438, 9028], [1, 49698, 2716, 38438, 9028], [1, 49698, 20201, 38436, 9028]]
1 - 9030: [[1, 16013, 1723, 9030], [1, 49698, 1723, 9030]]
1 - 9031: [[1, 5026, 1206, 2772, 1666, 9031], [1, 14869, 1033, 1623, 2713, 9031], [1, 14869, 1033, 2772, 1666, 9031], [1, 14869, 1033, 22997, 2713, 9031], [1, 14869, 1206, 2772, 1666, 9031], [1, 14869, 2271, 1623, 2713, 9031], [1, 16013, 110, 1623, 2713, 9031], [1, 16013, 1206, 2772, 1666, 9031], [1, 16013, 1276, 1623, 2713, 9031], [1, 16013, 1276, 2772, 1666, 9031], [1, 16013, 1614, 1623, 2713, 9031], [1, 16013, 1614, 2772, 1666, 9031], [1, 16013, 1614, 22997, 2713, 9031], [1, 16013, 2508, 1623, 2713, 9031], [1, 16013, 11239, 22997, 2713, 9031], [1, 17414, 2271, 1623, 2713, 9031], [1, 19932, 110, 1623, 2713, 9031], [1, 19932, 2271, 1623, 2713, 9031], [1, 19932, 3828, 2772, 1666, 9031], [1, 19932, 26207, 1623, 2713, 9031], [1, 19932, 26207, 22997, 2713, 9031], [1, 44238, 3828, 2772, 1666, 9031], [1, 46814, 3828, 2772, 1666, 9031], [1, 49698, 110, 1623, 2713, 9031], [1, 49698, 429, 1623, 2713, 9031], [1, 49698, 429, 2772, 1666, 9031], [1, 49698, 429, 22997, 2713, 9031], [1, 49698, 1033, 1623, 2713, 9031], [1, 49698, 1033, 2772, 1666, 9031], [1, 49698, 1033, 22997, 2713, 9031], [1, 49698, 1108, 1623, 2713, 9031], [1, 49698, 1108, 22997, 2713, 9031], [1, 49698, 1206, 2772, 1666, 9031], [1, 49698, 1276, 1623, 2713, 9031], [1, 49698, 1276, 2772, 1666, 9031], [1, 49698, 1614, 1623, 2713, 9031], [1, 49698, 1614, 2772, 1666, 9031], [1, 49698, 1614, 22997, 2713, 9031], [1, 49698, 1723, 2772, 1666, 9031], [1, 49698, 1723, 22997, 2713, 9031], [1, 49698, 1723, 1623, 2713, 9031], [1, 49698, 2267, 1623, 2713, 9031], [1, 49698, 2267, 2772, 1666, 9031], [1, 49698, 2267, 22997, 2713, 9031], [1, 49698, 2411, 2772, 1666, 9031], [1, 49698, 2508, 1623, 2713, 9031], [1, 49698, 2508, 2772, 1666, 9031], [1, 49698, 2508, 22997, 2713, 9031], [1, 49698, 2716, 1623, 2713, 9031], [1, 49698, 2716, 2772, 1666, 9031], [1, 49698, 2716, 22997, 2713, 9031], [1, 49698, 3530, 22997, 2713, 9031], [1, 49698, 3530, 1623, 2713, 9031], [1, 49698, 11083, 22997, 2713, 9031], [1, 49698, 11239, 22997, 2713, 9031], [1, 49698, 18306, 22997, 2713, 9031], [1, 49698, 18306, 1623, 2713, 9031], [1, 49698, 20201, 22997, 2713, 9031], [1, 49698, 20201, 2772, 1666, 9031], [1, 49698, 20822, 1623, 2713, 9031], [1, 49698, 22467, 22997, 2713, 9031], [1, 49698, 22467, 1623, 2713, 9031], [1, 49698, 25160, 22997, 2713, 9031], [1, 49698, 27029, 22997, 2713, 9031], [1, 49698, 38262, 22997, 2713, 9031]]
1 - 9033: [[1, 16013, 1723, 9033], [1, 49698, 1723, 9033], [1, 49698, 2508, 9033]]
1 - 9034: [[1, 5026, 1206, 28642, 9034], [1, 14869, 1033, 28554, 9034], [1, 14869, 1033, 28642, 9034], [1, 14869, 1206, 28642, 9034], [1, 16013, 27029, 28554, 9034], [1, 16013, 110, 28642, 9034], [1, 16013, 1206, 28642, 9034], [1, 16013, 1276, 28554, 9034], [1, 16013, 1276, 28642, 9034], [1, 16013, 1614, 28554, 9034], [1, 16013, 2508, 28554, 9034], [1, 16013, 11239, 28642, 9034], [1, 19932, 110, 28642, 9034], [1, 19932, 26207, 28554, 9034], [1, 19932, 26207, 28642, 9034], [1, 48458, 5638, 28554, 9034], [1, 48458, 5638, 28642, 9034], [1, 49698, 110, 28642, 9034], [1, 49698, 429, 28554, 9034], [1, 49698, 429, 28642, 9034], [1, 49698, 1033, 28554, 9034], [1, 49698, 1033, 28642, 9034], [1, 49698, 1206, 28642, 9034], [1, 49698, 1276, 28554, 9034], [1, 49698, 1276, 28642, 9034], [1, 49698, 1614, 28554, 9034], [1, 49698, 1723, 28554, 9034], [1, 49698, 2267, 28554, 9034], [1, 49698, 2267, 28642, 9034], [1, 49698, 2411, 28642, 9034], [1, 49698, 2508, 28554, 9034], [1, 49698, 2508, 28642, 9034], [1, 49698, 2716, 28554, 9034], [1, 49698, 2716, 28642, 9034], [1, 49698, 2933, 28642, 9034], [1, 49698, 3530, 28554, 9034], [1, 49698, 3530, 28642, 9034], [1, 49698, 3720, 28554, 9034], [1, 49698, 5638, 28554, 9034], [1, 49698, 5638, 28642, 9034], [1, 49698, 11083, 28642, 9034], [1, 49698, 11239, 28642, 9034], [1, 49698, 20201, 28554, 9034], [1, 49698, 20201, 28642, 9034], [1, 49698, 20822, 28642, 9034], [1, 49698, 22467, 28554, 9034], [1, 49698, 22467, 28642, 9034], [1, 49698, 27029, 28554, 9034], [1, 49698, 38262, 28554, 9034]]
1 - 9035: [[1, 14869, 1033, 1623, 1609, 9035], [1, 14869, 1033, 1623, 2713, 9035], [1, 14869, 1033, 22997, 2713, 9035], [1, 14869, 2271, 1623, 1609, 9035], [1, 14869, 2271, 1623, 2713, 9035], [1, 16013, 110, 1623, 1609, 9035], [1, 16013, 110, 1623, 2713, 9035], [1, 16013, 1276, 1623, 1609, 9035], [1, 16013, 1276, 1623, 2713, 9035], [1, 16013, 1614, 1623, 1609, 9035], [1, 16013, 1614, 1623, 2713, 9035], [1, 16013, 1614, 22997, 2713, 9035], [1, 16013, 2508, 1623, 1609, 9035], [1, 16013, 2508, 1623, 2713, 9035], [1, 16013, 11239, 22997, 2713, 9035], [1, 17414, 2271, 1623, 1609, 9035], [1, 17414, 2271, 1623, 2713, 9035], [1, 19932, 110, 1623, 1609, 9035], [1, 19932, 110, 1623, 2713, 9035], [1, 19932, 2271, 1623, 1609, 9035], [1, 19932, 2271, 1623, 2713, 9035], [1, 19932, 26207, 1623, 1609, 9035], [1, 19932, 26207, 1623, 2713, 9035], [1, 19932, 26207, 22997, 2713, 9035], [1, 49698, 110, 1623, 1609, 9035], [1, 49698, 110, 1623, 2713, 9035], [1, 49698, 429, 1623, 1609, 9035], [1, 49698, 429, 1623, 2713, 9035], [1, 49698, 429, 22997, 2713, 9035], [1, 49698, 1033, 1623, 1609, 9035], [1, 49698, 1033, 1623, 2713, 9035], [1, 49698, 1033, 22997, 2713, 9035], [1, 49698, 1108, 1623, 1609, 9035], [1, 49698, 1108, 1623, 2713, 9035], [1, 49698, 1108, 22997, 2713, 9035], [1, 49698, 1276, 1623, 1609, 9035], [1, 49698, 1276, 1623, 2713, 9035], [1, 49698, 1614, 1623, 1609, 9035], [1, 49698, 1614, 1623, 2713, 9035], [1, 49698, 1614, 22997, 2713, 9035], [1, 49698, 1723, 22997, 2713, 9035], [1, 49698, 1723, 1623, 1609, 9035], [1, 49698, 1723, 1623, 2713, 9035], [1, 49698, 2267, 1623, 1609, 9035], [1, 49698, 2267, 1623, 2713, 9035], [1, 49698, 2267, 22997, 2713, 9035], [1, 49698, 2508, 1623, 1609, 9035], [1, 49698, 2508, 1623, 2713, 9035], [1, 49698, 2508, 22997, 2713, 9035], [1, 49698, 2716, 1623, 1609, 9035], [1, 49698, 2716, 1623, 2713, 9035], [1, 49698, 2716, 22997, 2713, 9035], [1, 49698, 3530, 22997, 2713, 9035], [1, 49698, 3530, 1623, 1609, 9035], [1, 49698, 3530, 1623, 2713, 9035], [1, 49698, 11083, 22997, 2713, 9035], [1, 49698, 11239, 22997, 2713, 9035], [1, 49698, 18306, 22997, 2713, 9035], [1, 49698, 18306, 1623, 1609, 9035], [1, 49698, 18306, 1623, 2713, 9035], [1, 49698, 20201, 22997, 2713, 9035], [1, 49698, 20822, 1623, 1609, 9035], [1, 49698, 20822, 1623, 2713, 9035], [1, 49698, 22467, 22997, 2713, 9035], [1, 49698, 22467, 1623, 1609, 9035], [1, 49698, 22467, 1623, 2713, 9035], [1, 49698, 25160, 22997, 2713, 9035], [1, 49698, 27029, 22997, 2713, 9035], [1, 49698, 38262, 22997, 2713, 9035]]
1 - 9038: [[1, 19932, 3828, 9038], [1, 19932, 36068, 9038], [1, 44238, 3828, 9038], [1, 44552, 36068, 9038], [1, 46814, 3828, 9038]]
1 - 9039: [[1, 16013, 1276, 9039], [1, 49698, 1276, 9039], [1, 49698, 3720, 9039]]
1 - 9040: [[1, 49698, 3720, 9040]]
1 - 9041: [[1, 19932, 3828, 9041], [1, 44238, 3828, 9041], [1, 46814, 3828, 9041]]
1 - 9043: [[1, 16013, 1723, 9043], [1, 49698, 1723, 9043]]
1 - 9044: [[1, 49698, 1723, 9044], [1, 49698, 2267, 9044], [1, 49698, 2411, 9044], [1, 49698, 2508, 9044], [1, 49698, 2716, 9044], [1, 49698, 20201, 9044]]
1 - 9048: [[1, 19932, 3828, 43617, 9048], [1, 44238, 3828, 43617, 9048], [1, 46814, 3828, 43617, 9048], [1, 49698, 429, 43617, 9048], [1, 49698, 1723, 43617, 9048], [1, 49698, 2267, 43617, 9048], [1, 49698, 2508, 43617, 9048], [1, 49698, 2716, 43617, 9048], [1, 49698, 22467, 43617, 9048]]
1 - 9049: [[1, 14869, 1033, 9049], [1, 49698, 856, 9049], [1, 49698, 1033, 9049]]
1 - 9050: [[1, 14869, 1033, 9164, 9050], [1, 14869, 2271, 9164, 9050], [1, 16013, 1276, 9164, 9050], [1, 16013, 1614, 9164, 9050], [1, 17414, 2271, 9164, 9050], [1, 19932, 2271, 9164, 9050], [1, 19932, 26207, 9164, 9050], [1, 48458, 5638, 9164, 9050], [1, 49698, 429, 9164, 9050], [1, 49698, 1033, 9164, 9050], [1, 49698, 1276, 9164, 9050], [1, 49698, 1614, 9164, 9050], [1, 49698, 1723, 9164, 9050], [1, 49698, 2267, 9164, 9050], [1, 49698, 2411, 9164, 9050], [1, 49698, 2508, 9164, 9050], [1, 49698, 2716, 9164, 9050], [1, 49698, 2933, 9164, 9050], [1, 49698, 3530, 9164, 9050], [1, 49698, 5638, 9164, 9050], [1, 49698, 18306, 9164, 9050], [1, 49698, 25160, 9164, 9050], [1, 49698, 38262, 9164, 9050]]
1 - 9051: [[1, 49698, 856, 9051]]
1 - 9052: [[1, 49698, 856, 9052]]
1 - 9054: [[1, 14869, 1033, 9054], [1, 14869, 2271, 9054], [1, 16013, 110, 9054], [1, 16013, 1614, 9054], [1, 17414, 2271, 9054], [1, 19932, 110, 9054], [1, 19932, 2271, 9054], [1, 49698, 110, 9054], [1, 49698, 856, 9054], [1, 49698, 1033, 9054], [1, 49698, 1614, 9054], [1, 49698, 2508, 9054], [1, 49698, 2716, 9054], [1, 49698, 3530, 9054], [1, 49698, 18306, 9054], [1, 49698, 38262, 9054]]
1 - 9056: [[1, 5026, 1206, 843, 9056], [1, 14869, 989, 843, 9056], [1, 14869, 1033, 843, 9056], [1, 14869, 1033, 1654, 9056], [1, 14869, 1206, 843, 9056], [1, 14869, 2271, 843, 9056], [1, 16013, 1206, 843, 9056], [1, 16013, 1276, 843, 9056], [1, 16013, 1614, 843, 9056], [1, 17414, 2271, 843, 9056], [1, 17414, 2542, 843, 9056], [1, 19932, 2271, 843, 9056], [1, 44238, 3828, 843, 9056], [1, 46814, 3828, 843, 9056], [1, 48458, 5638, 843, 9056], [1, 49698, 429, 843, 9056], [1, 49698, 1033, 843, 9056], [1, 49698, 1033, 1654, 9056], [1, 49698, 1206, 843, 9056], [1, 49698, 1276, 843, 9056], [1, 49698, 1614, 843, 9056], [1, 49698, 1723, 843, 9056], [1, 49698, 2267, 843, 9056], [1, 49698, 2508, 843, 9056], [1, 49698, 2716, 843, 9056], [1, 49698, 3139, 843, 9056], [1, 49698, 3507, 843, 9056], [1, 49698, 3530, 843, 9056], [1, 49698, 5638, 843, 9056], [1, 49698, 11083, 843, 9056], [1, 49698, 22467, 843, 9056], [1, 49698, 25160, 843, 9056], [1, 49698, 38262, 843, 9056]]
1 - 9057: [[1, 49698, 856, 9057], [1, 49698, 2508, 9057]]
1 - 9058: [[1, 14869, 1033, 9058], [1, 49698, 1033, 9058]]
1 - 9061: [[1, 5026, 1031, 9061]]
1 - 9064: [[1, 14869, 1033, 9064], [1, 49698, 856, 9064], [1, 49698, 1033, 9064], [1, 49698, 2508, 9064], [1, 49698, 2716, 9064]]
1 - 9065: [[1, 16013, 1723, 9065], [1, 49698, 1723, 9065], [1, 49698, 2508, 9065]]
1 - 9066: [[1, 49698, 1723, 9066], [1, 49698, 2508, 9066], [1, 49698, 11083, 9066], [1, 49698, 38262, 9066]]
1 - 9067: [[1, 14869, 1033, 13461, 9067], [1, 16013, 110, 13461, 9067], [1, 16013, 110, 45394, 9067], [1, 16013, 1276, 13461, 9067], [1, 16013, 2508, 13461, 9067], [1, 16013, 2508, 45394, 9067], [1, 16013, 2855, 13461, 9067], [1, 19932, 110, 13461, 9067], [1, 19932, 110, 45394, 9067], [1, 49698, 110, 13461, 9067], [1, 49698, 110, 45394, 9067], [1, 49698, 429, 45394, 9067], [1, 49698, 1033, 13461, 9067], [1, 49698, 1276, 13461, 9067], [1, 49698, 1723, 13461, 9067], [1, 49698, 1723, 38291, 9067], [1, 49698, 1723, 45394, 9067], [1, 49698, 2508, 13461, 9067], [1, 49698, 2508, 45394, 9067], [1, 49698, 2716, 13461, 9067], [1, 49698, 2716, 45394, 9067], [1, 49698, 2855, 13461, 9067], [1, 49698, 3530, 13461, 9067], [1, 49698, 11083, 45394, 9067], [1, 49698, 20201, 45394, 9067], [1, 49698, 20201, 13461, 9067], [1, 49698, 20822, 45394, 9067], [1, 49698, 22467, 38291, 9067], [1, 49698, 22467, 45394, 9067], [1, 49698, 22467, 13461, 9067]]
1 - 9068: [[1, 5026, 1206, 9081, 9068], [1, 14869, 1033, 9081, 9068], [1, 14869, 1206, 9081, 9068], [1, 14869, 2271, 23078, 9068], [1, 16013, 110, 9081, 9068], [1, 16013, 110, 23078, 9068], [1, 16013, 1206, 9081, 9068], [1, 16013, 1614, 9081, 9068], [1, 16013, 1614, 23078, 9068], [1, 16013, 2508, 9081, 9068], [1, 17414, 2271, 23078, 9068], [1, 19932, 110, 9081, 9068], [1, 19932, 110, 23078, 9068], [1, 19932, 2271, 23078, 9068], [1, 19932, 26207, 9081, 9068], [1, 49698, 110, 9081, 9068], [1, 49698, 110, 23078, 9068], [1, 49698, 429, 9081, 9068], [1, 49698, 1033, 9081, 9068], [1, 49698, 1108, 23078, 9068], [1, 49698, 1206, 9081, 9068], [1, 49698, 1614, 9081, 9068], [1, 49698, 1614, 23078, 9068], [1, 49698, 1723, 23078, 9068], [1, 49698, 2411, 9081, 9068], [1, 49698, 2411, 23078, 9068], [1, 49698, 2508, 9081, 9068], [1, 49698, 2508, 23078, 9068], [1, 49698, 2716, 9081, 9068], [1, 49698, 3507, 9081, 9068], [1, 49698, 11083, 23078, 9068], [1, 49698, 11083, 9081, 9068], [1, 49698, 18306, 9081, 9068], [1, 49698, 20201, 23078, 9068], [1, 49698, 20201, 9081, 9068], [1, 49698, 20822, 9081, 9068], [1, 49698, 20822, 23078, 9068], [1, 49698, 22467, 23078, 9068], [1, 49698, 22467, 9081, 9068], [1, 49698, 27029, 9081, 9068], [1, 49698, 27029, 23078, 9068]]
1 - 9069: [[1, 49698, 3720, 9069]]
1 - 9070: [[1, 19932, 3888, 45640, 9070], [1, 19932, 9442, 1667, 9070], [1, 19932, 36068, 1667, 9070], [1, 19932, 43568, 1667, 9070], [1, 44238, 3828, 1667, 9070], [1, 44552, 36068, 1667, 9070], [1, 45532, 38407, 1667, 9070], [1, 46814, 3828, 1667, 9070], [1, 46814, 44566, 1667, 9070], [1, 49698, 2267, 1667, 9070], [1, 49698, 2716, 1667, 9070], [1, 49698, 3507, 1667, 9070]]
1 - 9072: [[1, 16013, 1614, 9072], [1, 49698, 1614, 9072]]
1 - 9073: [[1, 16013, 110, 9073], [1, 16013, 1276, 9073], [1, 19932, 110, 9073], [1, 49698, 110, 9073], [1, 49698, 1276, 9073], [1, 49698, 1723, 9073], [1, 49698, 2267, 9073], [1, 49698, 2411, 9073], [1, 49698, 2508, 9073], [1, 49698, 2716, 9073], [1, 49698, 20201, 9073]]
1 - 9074: [[1, 5026, 1206, 1684, 9074], [1, 14869, 1033, 1684, 9074], [1, 14869, 1206, 1684, 9074], [1, 16013, 110, 1684, 9074], [1, 16013, 110, 3936, 9074], [1, 16013, 1206, 1684, 9074], [1, 16013, 1276, 1684, 9074], [1, 16013, 1276, 3936, 9074], [1, 16013, 1614, 1684, 9074], [1, 16013, 1614, 3936, 9074], [1, 16013, 2508, 1684, 9074], [1, 17414, 2542, 1684, 9074], [1, 19932, 110, 1684, 9074], [1, 19932, 110, 3936, 9074], [1, 19932, 26207, 1684, 9074], [1, 49698, 110, 1684, 9074], [1, 49698, 110, 3936, 9074], [1, 49698, 429, 1684, 9074], [1, 49698, 429, 3936, 9074], [1, 49698, 856, 1684, 9074], [1, 49698, 1033, 1684, 9074], [1, 49698, 1206, 1684, 9074], [1, 49698, 1276, 1684, 9074], [1, 49698, 1276, 3936, 9074], [1, 49698, 1288, 1684, 9074], [1, 49698, 1614, 1684, 9074], [1, 49698, 1614, 3936, 9074], [1, 49698, 1723, 3936, 9074], [1, 49698, 1723, 1684, 9074], [1, 49698, 2267, 1684, 9074], [1, 49698, 2508, 1684, 9074], [1, 49698, 2508, 3936, 9074], [1, 49698, 2716, 1684, 9074], [1, 49698, 2716, 3936, 9074], [1, 49698, 3139, 3936, 9074], [1, 49698, 3530, 3936, 9074], [1, 49698, 3530, 1684, 9074], [1, 49698, 3720, 1684, 9074], [1, 49698, 11083, 1684, 9074], [1, 49698, 11083, 3936, 9074], [1, 49698, 20201, 1684, 9074], [1, 49698, 20201, 3936, 9074], [1, 49698, 20822, 1684, 9074], [1, 49698, 22467, 1684, 9074], [1, 49698, 38262, 1684, 9074], [1, 49698, 38262, 3936, 9074]]
1 - 9077: [[1, 16013, 2855, 9077], [1, 49698, 2855, 9077]]
1 - 9078: [[1, 14869, 1033, 9078], [1, 16013, 1614, 9078], [1, 49698, 1033, 9078], [1, 49698, 1614, 9078], [1, 49698, 1723, 9078], [1, 49698, 2508, 9078], [1, 49698, 4235, 9078], [1, 49698, 11083, 9078], [1, 49698, 38262, 9078]]
1 - 9079: [[1, 49698, 3720, 9079]]
1 - 9081: [[1, 5026, 1206, 9081], [1, 14869, 1033, 9081], [1, 14869, 1206, 9081], [1, 16013, 110, 9081], [1, 16013, 1206, 9081], [1, 16013, 1614, 9081], [1, 16013, 2508, 9081], [1, 19932, 110, 9081], [1, 19932, 26207, 9081], [1, 49698, 110, 9081], [1, 49698, 429, 9081], [1, 49698, 1033, 9081], [1, 49698, 1206, 9081], [1, 49698, 1614, 9081], [1, 49698, 2411, 9081], [1, 49698, 2508, 9081], [1, 49698, 2716, 9081], [1, 49698, 3507, 9081], [1, 49698, 11083, 9081], [1, 49698, 18306, 9081], [1, 49698, 20201, 9081], [1, 49698, 20822, 9081], [1, 49698, 22467, 9081], [1, 49698, 27029, 9081]]
1 - 9082: [[1, 16013, 110, 9082], [1, 16013, 1723, 9082], [1, 19932, 110, 9082], [1, 49698, 110, 9082], [1, 49698, 1723, 9082], [1, 49698, 2508, 9082]]
1 - 9083: [[1, 5026, 1206, 2960, 9083], [1, 14869, 989, 2960, 9083], [1, 14869, 1206, 2960, 9083], [1, 14869, 2271, 23078, 9083], [1, 16013, 110, 2960, 9083], [1, 16013, 110, 23078, 9083], [1, 16013, 1206, 2960, 9083], [1, 16013, 1614, 23078, 9083], [1, 17414, 2271, 23078, 9083], [1, 19932, 110, 2960, 9083], [1, 19932, 110, 23078, 9083], [1, 19932, 2271, 23078, 9083], [1, 49698, 110, 2960, 9083], [1, 49698, 110, 23078, 9083], [1, 49698, 429, 2960, 9083], [1, 49698, 1108, 23078, 9083], [1, 49698, 1206, 2960, 9083], [1, 49698, 1614, 23078, 9083], [1, 49698, 1723, 23078, 9083], [1, 49698, 2411, 23078, 9083], [1, 49698, 2508, 2960, 9083], [1, 49698, 2508, 23078, 9083], [1, 49698, 3530, 2960, 9083], [1, 49698, 6512, 2960, 9083], [1, 49698, 11083, 23078, 9083], [1, 49698, 18306, 2960, 9083], [1, 49698, 20201, 23078, 9083], [1, 49698, 20201, 2960, 9083], [1, 49698, 20822, 23078, 9083], [1, 49698, 22467, 23078, 9083], [1, 49698, 25160, 2960, 9083], [1, 49698, 27029, 23078, 9083]]
1 - 9084: [[1, 14869, 1033, 1696, 9084], [1, 14869, 1033, 4106, 9084], [1, 14869, 2271, 1696, 9084], [1, 16013, 1276, 1696, 9084], [1, 16013, 1614, 1696, 9084], [1, 16013, 2508, 1696, 9084], [1, 16013, 2508, 4106, 9084], [1, 17414, 2271, 1696, 9084], [1, 19932, 2271, 1696, 9084], [1, 19932, 26207, 1696, 9084], [1, 48458, 5638, 1696, 9084], [1, 49698, 429, 1696, 9084], [1, 49698, 1033, 1696, 9084], [1, 49698, 1033, 4106, 9084], [1, 49698, 1108, 1696, 9084], [1, 49698, 1276, 1696, 9084], [1, 49698, 1614, 1696, 9084], [1, 49698, 1723, 4106, 9084], [1, 49698, 1723, 1696, 9084], [1, 49698, 2267, 1696, 9084], [1, 49698, 2267, 4106, 9084], [1, 49698, 2353, 1696, 9084], [1, 49698, 2508, 1696, 9084], [1, 49698, 2508, 4106, 9084], [1, 49698, 2716, 4106, 9084], [1, 49698, 2716, 1696, 9084], [1, 49698, 3259, 1696, 9084], [1, 49698, 3507, 1696, 9084], [1, 49698, 3530, 4106, 9084], [1, 49698, 3530, 1696, 9084], [1, 49698, 4126, 1696, 9084], [1, 49698, 5638, 1696, 9084], [1, 49698, 11083, 1696, 9084], [1, 49698, 18306, 1696, 9084], [1, 49698, 20201, 1696, 9084], [1, 49698, 20822, 1696, 9084], [1, 49698, 22467, 1696, 9084], [1, 49698, 25160, 1696, 9084], [1, 49698, 27029, 1696, 9084], [1, 49698, 38262, 1696, 9084]]
1 - 9086: [[1, 5026, 1206, 1389, 9086], [1, 5026, 1206, 1676, 9086], [1, 14869, 989, 1676, 9086], [1, 14869, 1033, 1389, 9086], [1, 14869, 1033, 1676, 9086], [1, 14869, 1206, 1389, 9086], [1, 14869, 1206, 1676, 9086], [1, 14869, 2271, 1676, 9086], [1, 16013, 110, 1676, 9086], [1, 16013, 1206, 1389, 9086], [1, 16013, 1206, 1676, 9086], [1, 16013, 1276, 1389, 9086], [1, 16013, 1276, 1676, 9086], [1, 16013, 1614, 1389, 9086], [1, 16013, 1614, 1676, 9086], [1, 16013, 2508, 1676, 9086], [1, 17414, 2271, 1676, 9086], [1, 19932, 110, 1676, 9086], [1, 19932, 2271, 1676, 9086], [1, 48458, 5638, 1389, 9086], [1, 48458, 5638, 1676, 9086], [1, 49698, 110, 1676, 9086], [1, 49698, 429, 1676, 9086], [1, 49698, 1033, 1389, 9086], [1, 49698, 1033, 1676, 9086], [1, 49698, 1206, 1389, 9086], [1, 49698, 1206, 1676, 9086], [1, 49698, 1276, 1389, 9086], [1, 49698, 1276, 1676, 9086], [1, 49698, 1288, 1389, 9086], [1, 49698, 1614, 1389, 9086], [1, 49698, 1614, 1676, 9086], [1, 49698, 1723, 1389, 9086], [1, 49698, 1723, 1676, 9086], [1, 49698, 2267, 1389, 9086], [1, 49698, 2267, 1676, 9086], [1, 49698, 2411, 1676, 9086], [1, 49698, 2508, 1676, 9086], [1, 49698, 2508, 1389, 9086], [1, 49698, 2716, 1389, 9086], [1, 49698, 2716, 1676, 9086], [1, 49698, 2933, 1676, 9086], [1, 49698, 3259, 1676, 9086], [1, 49698, 3507, 1389, 9086], [1, 49698, 3530, 1389, 9086], [1, 49698, 3530, 1676, 9086], [1, 49698, 4126, 1676, 9086], [1, 49698, 5638, 1389, 9086], [1, 49698, 5638, 1676, 9086], [1, 49698, 6512, 1676, 9086], [1, 49698, 18306, 1389, 9086], [1, 49698, 18306, 1676, 9086], [1, 49698, 20201, 1389, 9086], [1, 49698, 20201, 1676, 9086], [1, 49698, 22467, 1676, 9086], [1, 49698, 25160, 1389, 9086], [1, 49698, 25160, 1676, 9086], [1, 49698, 38262, 1389, 9086]]
1 - 9091: [[1, 14869, 1033, 3729, 9091], [1, 16013, 110, 3729, 9091], [1, 16013, 1276, 3729, 9091], [1, 16013, 1614, 3729, 9091], [1, 16013, 2855, 3729, 9091], [1, 19932, 110, 3729, 9091], [1, 49698, 110, 3729, 9091], [1, 49698, 429, 3729, 9091], [1, 49698, 1033, 3729, 9091], [1, 49698, 1276, 3729, 9091], [1, 49698, 1614, 3729, 9091], [1, 49698, 2267, 3729, 9091], [1, 49698, 2508, 3729, 9091], [1, 49698, 2716, 3729, 9091], [1, 49698, 2855, 3729, 9091], [1, 49698, 11083, 3729, 9091], [1, 49698, 18306, 3729, 9091], [1, 49698, 20201, 3729, 9091], [1, 49698, 20822, 3729, 9091], [1, 49698, 22467, 3729, 9091], [1, 49698, 25160, 3729, 9091], [1, 49698, 27029, 3729, 9091], [1, 49698, 38262, 3729, 9091]]
1 - 9092: [[1, 5026, 1206, 1676, 9092], [1, 14869, 989, 1676, 9092], [1, 14869, 1033, 1676, 9092], [1, 14869, 1033, 3729, 9092], [1, 14869, 1206, 1676, 9092], [1, 14869, 2271, 1676, 9092], [1, 16013, 110, 1676, 9092], [1, 16013, 110, 3729, 9092], [1, 16013, 1206, 1676, 9092], [1, 16013, 1276, 1676, 9092], [1, 16013, 1276, 3729, 9092], [1, 16013, 1614, 1676, 9092], [1, 16013, 1614, 3729, 9092], [1, 16013, 2508, 1676, 9092], [1, 16013, 2855, 3729, 9092], [1, 17414, 2271, 1676, 9092], [1, 19932, 110, 1676, 9092], [1, 19932, 110, 3729, 9092], [1, 19932, 2271, 1676, 9092], [1, 48458, 5638, 1676, 9092], [1, 49698, 110, 1676, 9092], [1, 49698, 110, 3729, 9092], [1, 49698, 429, 1676, 9092], [1, 49698, 429, 3729, 9092], [1, 49698, 1033, 1676, 9092], [1, 49698, 1033, 3729, 9092], [1, 49698, 1206, 1676, 9092], [1, 49698, 1276, 1676, 9092], [1, 49698, 1276, 3729, 9092], [1, 49698, 1614, 1676, 9092], [1, 49698, 1614, 3729, 9092], [1, 49698, 1723, 1676, 9092], [1, 49698, 2267, 1676, 9092], [1, 49698, 2267, 3729, 9092], [1, 49698, 2411, 1676, 9092], [1, 49698, 2508, 1676, 9092], [1, 49698, 2508, 3729, 9092], [1, 49698, 2716, 3729, 9092], [1, 49698, 2716, 1676, 9092], [1, 49698, 2855, 3729, 9092], [1, 49698, 2933, 1676, 9092], [1, 49698, 3259, 1676, 9092], [1, 49698, 3530, 1676, 9092], [1, 49698, 4126, 1676, 9092], [1, 49698, 5638, 1676, 9092], [1, 49698, 6512, 1676, 9092], [1, 49698, 11083, 3729, 9092], [1, 49698, 18306, 1676, 9092], [1, 49698, 18306, 3729, 9092], [1, 49698, 20201, 1676, 9092], [1, 49698, 20201, 3729, 9092], [1, 49698, 20822, 3729, 9092], [1, 49698, 22467, 1676, 9092], [1, 49698, 22467, 3729, 9092], [1, 49698, 25160, 1676, 9092], [1, 49698, 25160, 3729, 9092], [1, 49698, 27029, 3729, 9092], [1, 49698, 38262, 3729, 9092]]
1 - 9095: [[1, 5026, 9095]]
1 - 9096: [[1, 5026, 1206, 1389, 9096], [1, 5026, 1206, 1676, 9096], [1, 14869, 989, 1676, 9096], [1, 14869, 1033, 1389, 9096], [1, 14869, 1033, 1676, 9096], [1, 14869, 1206, 1389, 9096], [1, 14869, 1206, 1676, 9096], [1, 14869, 2271, 1676, 9096], [1, 16013, 110, 1676, 9096], [1, 16013, 1206, 1389, 9096], [1, 16013, 1206, 1676, 9096], [1, 16013, 1276, 1389, 9096], [1, 16013, 1276, 1676, 9096], [1, 16013, 1614, 1389, 9096], [1, 16013, 1614, 1676, 9096], [1, 16013, 2508, 1676, 9096], [1, 17414, 2271, 1676, 9096], [1, 19932, 110, 1676, 9096], [1, 19932, 2271, 1676, 9096], [1, 48458, 5638, 1389, 9096], [1, 48458, 5638, 1676, 9096], [1, 49698, 110, 1676, 9096], [1, 49698, 429, 1676, 9096], [1, 49698, 1033, 1389, 9096], [1, 49698, 1033, 1676, 9096], [1, 49698, 1206, 1389, 9096], [1, 49698, 1206, 1676, 9096], [1, 49698, 1276, 1389, 9096], [1, 49698, 1276, 1676, 9096], [1, 49698, 1288, 1389, 9096], [1, 49698, 1614, 1389, 9096], [1, 49698, 1614, 1676, 9096], [1, 49698, 1723, 1389, 9096], [1, 49698, 1723, 1676, 9096], [1, 49698, 2267, 1389, 9096], [1, 49698, 2267, 1676, 9096], [1, 49698, 2411, 1676, 9096], [1, 49698, 2508, 1676, 9096], [1, 49698, 2508, 1389, 9096], [1, 49698, 2716, 1389, 9096], [1, 49698, 2716, 1676, 9096], [1, 49698, 2933, 1676, 9096], [1, 49698, 3259, 1676, 9096], [1, 49698, 3507, 1389, 9096], [1, 49698, 3530, 1389, 9096], [1, 49698, 3530, 1676, 9096], [1, 49698, 4126, 1676, 9096], [1, 49698, 5638, 1389, 9096], [1, 49698, 5638, 1676, 9096], [1, 49698, 6512, 1676, 9096], [1, 49698, 18306, 1389, 9096], [1, 49698, 18306, 1676, 9096], [1, 49698, 20201, 1389, 9096], [1, 49698, 20201, 1676, 9096], [1, 49698, 22467, 1676, 9096], [1, 49698, 25160, 1389, 9096], [1, 49698, 25160, 1676, 9096], [1, 49698, 38262, 1389, 9096]]
1 - 9097: [[1, 5026, 1206, 1389, 9097], [1, 14869, 1033, 1389, 9097], [1, 14869, 1033, 3729, 9097], [1, 14869, 1206, 1389, 9097], [1, 16013, 110, 3729, 9097], [1, 16013, 1206, 1389, 9097], [1, 16013, 1276, 1389, 9097], [1, 16013, 1276, 3729, 9097], [1, 16013, 1614, 1389, 9097], [1, 16013, 1614, 3729, 9097], [1, 16013, 2855, 3729, 9097], [1, 19932, 110, 3729, 9097], [1, 48458, 5638, 1389, 9097], [1, 49698, 110, 3729, 9097], [1, 49698, 429, 3729, 9097], [1, 49698, 1033, 1389, 9097], [1, 49698, 1033, 3729, 9097], [1, 49698, 1206, 1389, 9097], [1, 49698, 1276, 1389, 9097], [1, 49698, 1276, 3729, 9097], [1, 49698, 1288, 1389, 9097], [1, 49698, 1614, 1389, 9097], [1, 49698, 1614, 3729, 9097], [1, 49698, 1723, 1389, 9097], [1, 49698, 2267, 1389, 9097], [1, 49698, 2267, 3729, 9097], [1, 49698, 2508, 3729, 9097], [1, 49698, 2508, 1389, 9097], [1, 49698, 2716, 3729, 9097], [1, 49698, 2716, 1389, 9097], [1, 49698, 2855, 3729, 9097], [1, 49698, 3507, 1389, 9097], [1, 49698, 3530, 1389, 9097], [1, 49698, 5638, 1389, 9097], [1, 49698, 11083, 3729, 9097], [1, 49698, 18306, 1389, 9097], [1, 49698, 18306, 3729, 9097], [1, 49698, 20201, 1389, 9097], [1, 49698, 20201, 3729, 9097], [1, 49698, 20822, 3729, 9097], [1, 49698, 22467, 3729, 9097], [1, 49698, 25160, 1389, 9097], [1, 49698, 25160, 3729, 9097], [1, 49698, 27029, 3729, 9097], [1, 49698, 38262, 1389, 9097], [1, 49698, 38262, 3729, 9097]]
1 - 9098: [[1, 5026, 1206, 1389, 9098], [1, 14869, 1033, 1389, 9098], [1, 14869, 1033, 3729, 9098], [1, 14869, 1206, 1389, 9098], [1, 16013, 110, 3729, 9098], [1, 16013, 1206, 1389, 9098], [1, 16013, 1276, 1389, 9098], [1, 16013, 1276, 3729, 9098], [1, 16013, 1614, 1389, 9098], [1, 16013, 1614, 3729, 9098], [1, 16013, 2855, 3729, 9098], [1, 19932, 110, 3729, 9098], [1, 48458, 5638, 1389, 9098], [1, 49698, 110, 3729, 9098], [1, 49698, 429, 3729, 9098], [1, 49698, 1033, 1389, 9098], [1, 49698, 1033, 3729, 9098], [1, 49698, 1206, 1389, 9098], [1, 49698, 1276, 1389, 9098], [1, 49698, 1276, 3729, 9098], [1, 49698, 1288, 1389, 9098], [1, 49698, 1614, 1389, 9098], [1, 49698, 1614, 3729, 9098], [1, 49698, 1723, 1389, 9098], [1, 49698, 2267, 1389, 9098], [1, 49698, 2267, 3729, 9098], [1, 49698, 2508, 3729, 9098], [1, 49698, 2508, 1389, 9098], [1, 49698, 2716, 3729, 9098], [1, 49698, 2716, 1389, 9098], [1, 49698, 2855, 3729, 9098], [1, 49698, 3507, 1389, 9098], [1, 49698, 3530, 1389, 9098], [1, 49698, 5638, 1389, 9098], [1, 49698, 11083, 3729, 9098], [1, 49698, 18306, 1389, 9098], [1, 49698, 18306, 3729, 9098], [1, 49698, 20201, 1389, 9098], [1, 49698, 20201, 3729, 9098], [1, 49698, 20822, 3729, 9098], [1, 49698, 22467, 3729, 9098], [1, 49698, 25160, 1389, 9098], [1, 49698, 25160, 3729, 9098], [1, 49698, 27029, 3729, 9098], [1, 49698, 38262, 1389, 9098], [1, 49698, 38262, 3729, 9098]]
1 - 9099: [[1, 5026, 1206, 1389, 9099], [1, 14869, 1033, 1389, 9099], [1, 14869, 1206, 1389, 9099], [1, 16013, 1206, 1389, 9099], [1, 16013, 1276, 1389, 9099], [1, 16013, 1614, 1389, 9099], [1, 48458, 5638, 1389, 9099], [1, 49698, 1033, 1389, 9099], [1, 49698, 1206, 1389, 9099], [1, 49698, 1276, 1389, 9099], [1, 49698, 1288, 1389, 9099], [1, 49698, 1614, 1389, 9099], [1, 49698, 1723, 1389, 9099], [1, 49698, 2267, 1389, 9099], [1, 49698, 2508, 1389, 9099], [1, 49698, 2716, 1389, 9099], [1, 49698, 3507, 1389, 9099], [1, 49698, 3530, 1389, 9099], [1, 49698, 5638, 1389, 9099], [1, 49698, 18306, 1389, 9099], [1, 49698, 20201, 1389, 9099], [1, 49698, 25160, 1389, 9099], [1, 49698, 38262, 1389, 9099]]
