1 - 13364: [[1, 49698, 2508, 13364]]
1 - 13370: [[1, 16013, 1276, 4164, 13370], [1, 16013, 1614, 4164, 13370], [1, 49698, 856, 4164, 13370], [1, 49698, 1276, 4164, 13370], [1, 49698, 1614, 4164, 13370], [1, 49698, 2508, 4164, 13370], [1, 49698, 11083, 4164, 13370]]
1 - 13371: [[1, 5026, 13371]]
1 - 13372: [[1, 14869, 1033, 1654, 13372], [1, 14869, 1033, 3750, 13372], [1, 16013, 1614, 3750, 13372], [1, 49698, 856, 3750, 13372], [1, 49698, 1033, 1654, 13372], [1, 49698, 1033, 3750, 13372], [1, 49698, 1614, 3750, 13372], [1, 49698, 2508, 3750, 13372], [1, 49698, 11083, 3750, 13372], [1, 49698, 38262, 3750, 13372]]
1 - 13373: [[1, 5026, 1031, 13373]]
1 - 13375: [[1, 49698, 2508, 13375]]
1 - 13377: [[1, 16013, 1614, 13377], [1, 49698, 1614, 13377], [1, 49698, 2508, 13377]]
1 - 13378: [[1, 49698, 13378]]
1 - 13379: [[1, 16013, 1614, 13379], [1, 49698, 856, 13379], [1, 49698, 1614, 13379], [1, 49698, 2508, 13379]]
1 - 13380: [[1, 14869, 1033, 9164, 13380], [1, 14869, 2271, 9164, 13380], [1, 16013, 1276, 9164, 13380], [1, 16013, 1614, 9164, 13380], [1, 17414, 2271, 9164, 13380], [1, 19932, 2271, 9164, 13380], [1, 19932, 26207, 9164, 13380], [1, 48458, 5638, 9164, 13380], [1, 49698, 429, 9164, 13380], [1, 49698, 1033, 9164, 13380], [1, 49698, 1276, 9164, 13380], [1, 49698, 1614, 9164, 13380], [1, 49698, 1723, 9164, 13380], [1, 49698, 2267, 9164, 13380], [1, 49698, 2411, 9164, 13380], [1, 49698, 2508, 9164, 13380], [1, 49698, 2716, 9164, 13380], [1, 49698, 2933, 9164, 13380], [1, 49698, 3530, 9164, 13380], [1, 49698, 5638, 9164, 13380], [1, 49698, 18306, 9164, 13380], [1, 49698, 25160, 9164, 13380], [1, 49698, 38262, 9164, 13380]]
1 - 13381: [[1, 14869, 1033, 2749, 13381], [1, 14869, 1033, 9164, 13381], [1, 14869, 2271, 9164, 13381], [1, 16013, 110, 2749, 13381], [1, 16013, 1276, 9164, 13381], [1, 16013, 1614, 2749, 13381], [1, 16013, 1614, 9164, 13381], [1, 17414, 2271, 9164, 13381], [1, 19932, 110, 2749, 13381], [1, 19932, 2271, 9164, 13381], [1, 19932, 26207, 9164, 13381], [1, 48458, 5638, 9164, 13381], [1, 49698, 110, 2749, 13381], [1, 49698, 429, 9164, 13381], [1, 49698, 1033, 2749, 13381], [1, 49698, 1033, 9164, 13381], [1, 49698, 1276, 9164, 13381], [1, 49698, 1614, 2749, 13381], [1, 49698, 1614, 9164, 13381], [1, 49698, 1723, 9164, 13381], [1, 49698, 2267, 9164, 13381], [1, 49698, 2411, 9164, 13381], [1, 49698, 2508, 2749, 13381], [1, 49698, 2508, 9164, 13381], [1, 49698, 2716, 2749, 13381], [1, 49698, 2716, 9164, 13381], [1, 49698, 2933, 9164, 13381], [1, 49698, 3530, 9164, 13381], [1, 49698, 5638, 9164, 13381], [1, 49698, 18306, 9164, 13381], [1, 49698, 25160, 9164, 13381], [1, 49698, 38262, 9164, 13381]]
1 - 13382: [[1, 14869, 1033, 13382], [1, 16013, 1614, 13382], [1, 49698, 856, 13382], [1, 49698, 1033, 13382], [1, 49698, 1614, 13382], [1, 49698, 2508, 13382]]
1 - 13383: [[1, 14869, 1033, 2834, 13383], [1, 14869, 1033, 13388, 13383], [1, 16013, 1614, 2834, 13383], [1, 16013, 1614, 13388, 13383], [1, 49698, 856, 2834, 13383], [1, 49698, 1033, 2834, 13383], [1, 49698, 1033, 13388, 13383], [1, 49698, 1614, 2834, 13383], [1, 49698, 1614, 13388, 13383], [1, 49698, 2508, 2834, 13383], [1, 49698, 2508, 13388, 13383], [1, 49698, 2716, 2834, 13383]]
1 - 13384: [[1, 49698, 856, 13384], [1, 49698, 2508, 13384]]
1 - 13386: [[1, 49698, 856, 13386], [1, 49698, 2508, 13386]]
1 - 13388: [[1, 14869, 1033, 13388], [1, 16013, 1614, 13388], [1, 49698, 1033, 13388], [1, 49698, 1614, 13388], [1, 49698, 2508, 13388]]
1 - 13391: [[1, 16013, 110, 13391], [1, 16013, 1723, 13391], [1, 19932, 110, 13391], [1, 49698, 110, 13391], [1, 49698, 429, 13391], [1, 49698, 1723, 13391], [1, 49698, 2267, 13391], [1, 49698, 2508, 13391]]
1 - 13395: [[1, 5026, 2732, 13395]]
1 - 13396: [[1, 5026, 1206, 1471, 1715, 13396], [1, 5026, 1206, 1471, 44495, 13396], [1, 5026, 1206, 1730, 9132, 13396], [1, 5026, 1206, 1730, 9134, 13396], [1, 14869, 989, 1471, 1715, 13396], [1, 14869, 989, 1471, 44495, 13396], [1, 14869, 989, 1730, 9132, 13396], [1, 14869, 989, 1730, 9134, 13396], [1, 14869, 1033, 1471, 1715, 13396], [1, 14869, 1033, 1471, 44495, 13396], [1, 14869, 1033, 1730, 9132, 13396], [1, 14869, 1033, 1730, 9134, 13396], [1, 14869, 1033, 4105, 9134, 13396], [1, 14869, 1206, 1471, 1715, 13396], [1, 14869, 1206, 1471, 44495, 13396], [1, 14869, 1206, 1730, 9132, 13396], [1, 14869, 1206, 1730, 9134, 13396], [1, 14869, 2271, 1471, 1715, 13396], [1, 14869, 2271, 1471, 44495, 13396], [1, 14869, 2271, 1730, 9132, 13396], [1, 14869, 2271, 1730, 9134, 13396], [1, 16013, 110, 1471, 1715, 13396], [1, 16013, 110, 1471, 44495, 13396], [1, 16013, 110, 1730, 9132, 13396], [1, 16013, 110, 1730, 9134, 13396], [1, 16013, 110, 4105, 9134, 13396], [1, 16013, 1206, 1471, 1715, 13396], [1, 16013, 1206, 1471, 44495, 13396], [1, 16013, 1206, 1730, 9132, 13396], [1, 16013, 1206, 1730, 9134, 13396], [1, 16013, 1276, 1471, 1715, 13396], [1, 16013, 1276, 1471, 44495, 13396], [1, 16013, 1276, 1730, 9132, 13396], [1, 16013, 1276, 1730, 9134, 13396], [1, 16013, 1276, 4105, 9134, 13396], [1, 16013, 1614, 1730, 9132, 13396], [1, 16013, 1614, 1730, 9134, 13396], [1, 16013, 1614, 4105, 9134, 13396], [1, 16013, 1614, 1471, 1715, 13396], [1, 16013, 1614, 1471, 44495, 13396], [1, 17414, 2271, 1471, 1715, 13396], [1, 17414, 2271, 1471, 44495, 13396], [1, 17414, 2271, 1730, 9132, 13396], [1, 17414, 2271, 1730, 9134, 13396], [1, 17414, 2542, 1730, 9132, 13396], [1, 17414, 2542, 1730, 9134, 13396], [1, 17414, 2542, 4105, 9134, 13396], [1, 17414, 2542, 1471, 1715, 13396], [1, 17414, 2542, 1471, 44495, 13396], [1, 19932, 110, 1471, 1715, 13396], [1, 19932, 110, 1471, 44495, 13396], [1, 19932, 110, 1730, 9132, 13396], [1, 19932, 110, 1730, 9134, 13396], [1, 19932, 110, 4105, 9134, 13396], [1, 19932, 2271, 1471, 1715, 13396], [1, 19932, 2271, 1471, 44495, 13396], [1, 19932, 2271, 1730, 9132, 13396], [1, 19932, 2271, 1730, 9134, 13396], [1, 48458, 5638, 1471, 1715, 13396], [1, 48458, 5638, 1471, 44495, 13396], [1, 49698, 110, 1471, 1715, 13396], [1, 49698, 110, 1471, 44495, 13396], [1, 49698, 110, 1730, 9132, 13396], [1, 49698, 110, 1730, 9134, 13396], [1, 49698, 110, 4105, 9134, 13396], [1, 49698, 429, 1471, 1715, 13396], [1, 49698, 429, 1471, 44495, 13396], [1, 49698, 429, 1730, 9132, 13396], [1, 49698, 429, 1730, 9134, 13396], [1, 49698, 1033, 1471, 1715, 13396], [1, 49698, 1033, 1471, 44495, 13396], [1, 49698, 1033, 1730, 9132, 13396], [1, 49698, 1033, 1730, 9134, 13396], [1, 49698, 1033, 4105, 9134, 13396], [1, 49698, 1206, 1471, 1715, 13396], [1, 49698, 1206, 1471, 44495, 13396], [1, 49698, 1206, 1730, 9132, 13396], [1, 49698, 1206, 1730, 9134, 13396], [1, 49698, 1276, 1471, 1715, 13396], [1, 49698, 1276, 1471, 44495, 13396], [1, 49698, 1276, 1730, 9132, 13396], [1, 49698, 1276, 1730, 9134, 13396], [1, 49698, 1276, 4105, 9134, 13396], [1, 49698, 1288, 1471, 1715, 13396], [1, 49698, 1288, 1471, 44495, 13396], [1, 49698, 1614, 1730, 9132, 13396], [1, 49698, 1614, 1730, 9134, 13396], [1, 49698, 1614, 4105, 9134, 13396], [1, 49698, 1614, 1471, 1715, 13396], [1, 49698, 1614, 1471, 44495, 13396], [1, 49698, 2267, 1471, 1715, 13396], [1, 49698, 2267, 1471, 44495, 13396], [1, 49698, 2267, 1730, 9132, 13396], [1, 49698, 2267, 1730, 9134, 13396], [1, 49698, 2411, 1471, 1715, 13396], [1, 49698, 2411, 1471, 44495, 13396], [1, 49698, 2411, 1730, 9132, 13396], [1, 49698, 2411, 1730, 9134, 13396], [1, 49698, 2508, 1471, 1715, 13396], [1, 49698, 2508, 1471, 44495, 13396], [1, 49698, 2508, 1730, 9132, 13396], [1, 49698, 2508, 1730, 9134, 13396], [1, 49698, 2716, 4105, 9134, 13396], [1, 49698, 2716, 1730, 9132, 13396], [1, 49698, 2716, 1730, 9134, 13396], [1, 49698, 2933, 1471, 1715, 13396], [1, 49698, 2933, 1471, 44495, 13396], [1, 49698, 2933, 1730, 9132, 13396], [1, 49698, 2933, 1730, 9134, 13396], [1, 49698, 3530, 1471, 1715, 13396], [1, 49698, 3530, 1471, 44495, 13396], [1, 49698, 4235, 1730, 9132, 13396], [1, 49698, 4235, 1730, 9134, 13396], [1, 49698, 4235, 4105, 9134, 13396], [1, 49698, 5638, 1471, 1715, 13396], [1, 49698, 5638, 1471, 44495, 13396], [1, 49698, 5979, 1471, 1715, 13396], [1, 49698, 5979, 1471, 44495, 13396], [1, 49698, 5979, 1730, 9132, 13396], [1, 49698, 5979, 1730, 9134, 13396], [1, 49698, 6512, 1471, 1715, 13396], [1, 49698, 6512, 1471, 44495, 13396], [1, 49698, 11083, 1471, 1715, 13396], [1, 49698, 11083, 1471, 44495, 13396], [1, 49698, 11083, 1730, 9132, 13396], [1, 49698, 11083, 1730, 9134, 13396], [1, 49698, 18306, 1471, 1715, 13396], [1, 49698, 18306, 1471, 44495, 13396], [1, 49698, 38262, 4023, 13741, 13396], [1, 49698, 38262, 4023, 36440, 13396], [1, 49698, 38262, 1471, 1715, 13396], [1, 49698, 38262, 1471, 44495, 13396]]
1 - 13399: [[1, 5026, 1206, 1471, 1713, 13399], [1, 5026, 1206, 1711, 1713, 13399], [1, 5026, 1206, 1730, 9132, 13399], [1, 14869, 989, 1471, 1713, 13399], [1, 14869, 989, 1730, 9132, 13399], [1, 14869, 1033, 1471, 1713, 13399], [1, 14869, 1033, 1711, 1713, 13399], [1, 14869, 1033, 1730, 9132, 13399], [1, 14869, 1206, 1471, 1713, 13399], [1, 14869, 1206, 1711, 1713, 13399], [1, 14869, 1206, 1730, 9132, 13399], [1, 14869, 2271, 1471, 1713, 13399], [1, 14869, 2271, 1730, 9132, 13399], [1, 16013, 110, 1471, 1713, 13399], [1, 16013, 110, 1730, 9132, 13399], [1, 16013, 1206, 1471, 1713, 13399], [1, 16013, 1206, 1711, 1713, 13399], [1, 16013, 1206, 1730, 9132, 13399], [1, 16013, 1276, 1471, 1713, 13399], [1, 16013, 1276, 1711, 1713, 13399], [1, 16013, 1276, 1730, 9132, 13399], [1, 16013, 1614, 1711, 1713, 13399], [1, 16013, 1614, 1730, 9132, 13399], [1, 16013, 1614, 1471, 1713, 13399], [1, 16013, 11083, 1711, 1713, 13399], [1, 17414, 2271, 1471, 1713, 13399], [1, 17414, 2271, 1730, 9132, 13399], [1, 17414, 2542, 1730, 9132, 13399], [1, 17414, 2542, 1471, 1713, 13399], [1, 19932, 110, 1471, 1713, 13399], [1, 19932, 110, 1730, 9132, 13399], [1, 19932, 2271, 1471, 1713, 13399], [1, 19932, 2271, 1730, 9132, 13399], [1, 19932, 26207, 1711, 1713, 13399], [1, 44238, 3828, 1711, 1713, 13399], [1, 46814, 3828, 1711, 1713, 13399], [1, 48458, 5638, 1471, 1713, 13399], [1, 48458, 5638, 1711, 1713, 13399], [1, 49698, 110, 1471, 1713, 13399], [1, 49698, 110, 1730, 9132, 13399], [1, 49698, 429, 1471, 1713, 13399], [1, 49698, 429, 1711, 1713, 13399], [1, 49698, 429, 1730, 9132, 13399], [1, 49698, 1033, 1471, 1713, 13399], [1, 49698, 1033, 1711, 1713, 13399], [1, 49698, 1033, 1730, 9132, 13399], [1, 49698, 1206, 1471, 1713, 13399], [1, 49698, 1206, 1711, 1713, 13399], [1, 49698, 1206, 1730, 9132, 13399], [1, 49698, 1276, 1471, 1713, 13399], [1, 49698, 1276, 1711, 1713, 13399], [1, 49698, 1276, 1730, 9132, 13399], [1, 49698, 1288, 1471, 1713, 13399], [1, 49698, 1288, 1711, 1713, 13399], [1, 49698, 1614, 1711, 1713, 13399], [1, 49698, 1614, 1730, 9132, 13399], [1, 49698, 1614, 1471, 1713, 13399], [1, 49698, 1723, 1711, 1713, 13399], [1, 49698, 2267, 1471, 1713, 13399], [1, 49698, 2267, 1730, 9132, 13399], [1, 49698, 2411, 1711, 1713, 13399], [1, 49698, 2411, 1471, 1713, 13399], [1, 49698, 2411, 1730, 9132, 13399], [1, 49698, 2508, 1471, 1713, 13399], [1, 49698, 2508, 1711, 1713, 13399], [1, 49698, 2508, 1730, 9132, 13399], [1, 49698, 2716, 1711, 1713, 13399], [1, 49698, 2716, 1730, 9132, 13399], [1, 49698, 2933, 1471, 1713, 13399], [1, 49698, 2933, 1730, 9132, 13399], [1, 49698, 3139, 1711, 1713, 13399], [1, 49698, 3507, 1711, 1713, 13399], [1, 49698, 3530, 1471, 1713, 13399], [1, 49698, 4126, 1711, 1713, 13399], [1, 49698, 4235, 1730, 9132, 13399], [1, 49698, 5638, 1471, 1713, 13399], [1, 49698, 5638, 1711, 1713, 13399], [1, 49698, 5979, 1711, 1713, 13399], [1, 49698, 5979, 1471, 1713, 13399], [1, 49698, 5979, 1730, 9132, 13399], [1, 49698, 6512, 1471, 1713, 13399], [1, 49698, 8493, 1711, 1713, 13399], [1, 49698, 11083, 1711, 1713, 13399], [1, 49698, 11083, 1471, 1713, 13399], [1, 49698, 11083, 1730, 9132, 13399], [1, 49698, 18306, 1471, 1713, 13399], [1, 49698, 38262, 4023, 13741, 13399], [1, 49698, 38262, 1471, 1713, 13399], [1, 62917, 14727, 1711, 1713, 13399]]
1 - 13401: [[1, 5026, 13401]]
1 - 13403: [[1, 16013, 1723, 28583, 13403], [1, 16013, 2508, 28583, 13403], [1, 16013, 13809, 45704, 13403], [1, 49698, 1723, 28583, 13403], [1, 49698, 2508, 28583, 13403], [1, 49698, 2508, 45704, 13403], [1, 49698, 13809, 45704, 13403], [1, 49698, 18306, 23519, 13403], [1, 49698, 42061, 45704, 13403]]
1 - 13405: [[1, 19932, 3828, 13405], [1, 19932, 36068, 13405], [1, 44238, 3828, 13405], [1, 44552, 36068, 13405], [1, 46814, 3828, 13405]]
1 - 13406: [[1, 49698, 1723, 4092, 13406], [1, 49698, 22467, 4092, 13406]]
1 - 13407: [[1, 16013, 9142, 13407], [1, 49698, 9142, 13407]]
1 - 13408: [[1, 49698, 1662, 13408]]
1 - 13410: [[1, 5026, 1206, 1622, 1678, 13410], [1, 14869, 989, 1622, 1678, 13410], [1, 14869, 1033, 1622, 1678, 13410], [1, 14869, 1206, 1622, 1678, 13410], [1, 14869, 2271, 1622, 1678, 13410], [1, 16013, 110, 13391, 1680, 13410], [1, 16013, 1206, 1622, 1678, 13410], [1, 16013, 1276, 1622, 1678, 13410], [1, 16013, 1614, 1622, 1678, 13410], [1, 16013, 1723, 4011, 3833, 13410], [1, 16013, 1723, 13391, 1680, 13410], [1, 17414, 2271, 1622, 1678, 13410], [1, 19932, 110, 13391, 1680, 13410], [1, 19932, 2271, 1622, 1678, 13410], [1, 49698, 110, 13391, 1680, 13410], [1, 49698, 429, 1622, 1678, 13410], [1, 49698, 429, 13391, 1680, 13410], [1, 49698, 1033, 1622, 1678, 13410], [1, 49698, 1206, 1622, 1678, 13410], [1, 49698, 1276, 1622, 1678, 13410], [1, 49698, 1614, 1622, 1678, 13410], [1, 49698, 1723, 4011, 3833, 13410], [1, 49698, 1723, 13391, 1680, 13410], [1, 49698, 1723, 1622, 1678, 13410], [1, 49698, 2267, 13391, 1680, 13410], [1, 49698, 2508, 4011, 3833, 13410], [1, 49698, 2508, 13391, 1680, 13410], [1, 49698, 2508, 1622, 1678, 13410], [1, 49698, 2716, 1622, 1678, 13410]]
1 - 13411: [[1, 16013, 1723, 13411], [1, 49698, 1723, 13411], [1, 49698, 2508, 13411]]
1 - 13412: [[1, 19932, 3828, 13412], [1, 44238, 3828, 13412], [1, 46814, 3828, 13412]]
1 - 13414: [[1, 16013, 1276, 13414], [1, 49698, 1276, 13414], [1, 49698, 1723, 13414], [1, 49698, 38262, 13414]]
1 - 13417: [[1, 16013, 110, 28265, 13417], [1, 16013, 1723, 9043, 13417], [1, 16013, 1723, 28265, 13417], [1, 19932, 110, 28265, 13417], [1, 49698, 110, 28265, 13417], [1, 49698, 429, 28265, 13417], [1, 49698, 1723, 9043, 13417], [1, 49698, 1723, 28265, 13417], [1, 49698, 2508, 28265, 13417]]
1 - 13420: [[1, 16013, 110, 13420], [1, 16013, 2508, 13420], [1, 19932, 110, 13420], [1, 49698, 110, 13420], [1, 49698, 1723, 13420], [1, 49698, 2508, 13420], [1, 49698, 38262, 13420]]
1 - 13422: [[1, 5026, 1206, 22977, 13422], [1, 5026, 1206, 28433, 13422], [1, 14869, 1033, 1623, 13422], [1, 14869, 1033, 22977, 13422], [1, 14869, 1033, 22997, 13422], [1, 14869, 1033, 28433, 13422], [1, 14869, 1033, 28458, 13422], [1, 14869, 1206, 22977, 13422], [1, 14869, 1206, 28433, 13422], [1, 14869, 2271, 1623, 13422], [1, 16013, 110, 1623, 13422], [1, 16013, 110, 28433, 13422], [1, 16013, 110, 28458, 13422], [1, 16013, 1206, 22977, 13422], [1, 16013, 1206, 28433, 13422], [1, 16013, 1276, 1623, 13422], [1, 16013, 1276, 22977, 13422], [1, 16013, 1276, 28433, 13422], [1, 16013, 1276, 28458, 13422], [1, 16013, 1614, 1623, 13422], [1, 16013, 1614, 1624, 13422], [1, 16013, 1614, 22997, 13422], [1, 16013, 1614, 28433, 13422], [1, 16013, 1614, 28458, 13422], [1, 16013, 2508, 1623, 13422], [1, 16013, 2508, 22977, 13422], [1, 16013, 11239, 22997, 13422], [1, 17414, 2271, 1623, 13422], [1, 19932, 110, 1623, 13422], [1, 19932, 110, 28433, 13422], [1, 19932, 110, 28458, 13422], [1, 19932, 2271, 1623, 13422], [1, 19932, 26207, 28433, 13422], [1, 19932, 26207, 28458, 13422], [1, 19932, 26207, 1623, 13422], [1, 19932, 26207, 22977, 13422], [1, 19932, 26207, 22997, 13422], [1, 44238, 3828, 22977, 13422], [1, 46814, 3828, 22977, 13422], [1, 49698, 110, 1623, 13422], [1, 49698, 110, 28433, 13422], [1, 49698, 110, 28458, 13422], [1, 49698, 429, 1623, 13422], [1, 49698, 429, 22977, 13422], [1, 49698, 429, 22997, 13422], [1, 49698, 429, 28458, 13422], [1, 49698, 1033, 1623, 13422], [1, 49698, 1033, 22977, 13422], [1, 49698, 1033, 22997, 13422], [1, 49698, 1033, 28433, 13422], [1, 49698, 1033, 28458, 13422], [1, 49698, 1108, 1623, 13422], [1, 49698, 1108, 22997, 13422], [1, 49698, 1206, 22977, 13422], [1, 49698, 1206, 28433, 13422], [1, 49698, 1276, 1623, 13422], [1, 49698, 1276, 22977, 13422], [1, 49698, 1276, 28433, 13422], [1, 49698, 1276, 28458, 13422], [1, 49698, 1614, 1623, 13422], [1, 49698, 1614, 1624, 13422], [1, 49698, 1614, 22997, 13422], [1, 49698, 1614, 28433, 13422], [1, 49698, 1614, 28458, 13422], [1, 49698, 1723, 22977, 13422], [1, 49698, 1723, 22997, 13422], [1, 49698, 1723, 28433, 13422], [1, 49698, 1723, 28458, 13422], [1, 49698, 1723, 1623, 13422], [1, 49698, 2267, 1623, 13422], [1, 49698, 2267, 22977, 13422], [1, 49698, 2267, 22997, 13422], [1, 49698, 2267, 28433, 13422], [1, 49698, 2267, 28458, 13422], [1, 49698, 2411, 28433, 13422], [1, 49698, 2508, 1623, 13422], [1, 49698, 2508, 22977, 13422], [1, 49698, 2508, 22997, 13422], [1, 49698, 2508, 28433, 13422], [1, 49698, 2508, 28458, 13422], [1, 49698, 2716, 1623, 13422], [1, 49698, 2716, 22977, 13422], [1, 49698, 2716, 22997, 13422], [1, 49698, 2716, 28433, 13422], [1, 49698, 2757, 22977, 13422], [1, 49698, 2757, 28458, 13422], [1, 49698, 3530, 22977, 13422], [1, 49698, 3530, 22997, 13422], [1, 49698, 3530, 1623, 13422], [1, 49698, 11083, 22977, 13422], [1, 49698, 11083, 22997, 13422], [1, 49698, 11083, 28433, 13422], [1, 49698, 11083, 28458, 13422], [1, 49698, 11239, 22997, 13422], [1, 49698, 18306, 22977, 13422], [1, 49698, 18306, 22997, 13422], [1, 49698, 18306, 28433, 13422], [1, 49698, 18306, 28458, 13422], [1, 49698, 18306, 1623, 13422], [1, 49698, 20201, 22977, 13422], [1, 49698, 20201, 22997, 13422], [1, 49698, 20201, 28433, 13422], [1, 49698, 20201, 28458, 13422], [1, 49698, 20822, 1623, 13422], [1, 49698, 20822, 22977, 13422], [1, 49698, 20822, 28458, 13422], [1, 49698, 22467, 22977, 13422], [1, 49698, 22467, 22997, 13422], [1, 49698, 22467, 28433, 13422], [1, 49698, 22467, 28458, 13422], [1, 49698, 22467, 1623, 13422], [1, 49698, 25160, 22997, 13422], [1, 49698, 27029, 28433, 13422], [1, 49698, 27029, 28458, 13422], [1, 49698, 27029, 22997, 13422], [1, 49698, 38262, 22997, 13422], [1, 49698, 38262, 22977, 13422], [1, 49698, 38262, 28458, 13422]]
1 - 13423: [[1, 49698, 856, 13423]]
1 - 13426: [[1, 5026, 1206, 9081, 13426], [1, 14869, 1033, 9081, 13426], [1, 14869, 1206, 9081, 13426], [1, 14869, 2271, 23078, 13426], [1, 16013, 110, 9081, 13426], [1, 16013, 110, 23078, 13426], [1, 16013, 1206, 9081, 13426], [1, 16013, 1614, 9081, 13426], [1, 16013, 1614, 23078, 13426], [1, 16013, 2508, 9081, 13426], [1, 17414, 2271, 23078, 13426], [1, 19932, 110, 9081, 13426], [1, 19932, 110, 23078, 13426], [1, 19932, 2271, 23078, 13426], [1, 19932, 26207, 9081, 13426], [1, 49698, 110, 9081, 13426], [1, 49698, 110, 23078, 13426], [1, 49698, 429, 9081, 13426], [1, 49698, 1033, 9081, 13426], [1, 49698, 1108, 23078, 13426], [1, 49698, 1206, 9081, 13426], [1, 49698, 1614, 9081, 13426], [1, 49698, 1614, 23078, 13426], [1, 49698, 1723, 23078, 13426], [1, 49698, 2411, 9081, 13426], [1, 49698, 2411, 23078, 13426], [1, 49698, 2508, 9081, 13426], [1, 49698, 2508, 23078, 13426], [1, 49698, 2716, 9081, 13426], [1, 49698, 3507, 9081, 13426], [1, 49698, 11083, 23078, 13426], [1, 49698, 11083, 9081, 13426], [1, 49698, 18306, 9081, 13426], [1, 49698, 20201, 23078, 13426], [1, 49698, 20201, 9081, 13426], [1, 49698, 20822, 9081, 13426], [1, 49698, 20822, 23078, 13426], [1, 49698, 22467, 23078, 13426], [1, 49698, 22467, 9081, 13426], [1, 49698, 27029, 9081, 13426], [1, 49698, 27029, 23078, 13426]]
1 - 13427: [[1, 16013, 110, 13427], [1, 16013, 1368, 13427], [1, 19932, 110, 13427], [1, 49698, 110, 13427], [1, 49698, 1723, 13427], [1, 49698, 2267, 13427], [1, 49698, 2411, 13427], [1, 49698, 2508, 13427], [1, 49698, 11083, 13427], [1, 49698, 20201, 13427], [1, 49698, 27029, 13427]]
1 - 13428: [[1, 5026, 1206, 2772, 1666, 13428], [1, 14869, 1033, 1623, 2713, 13428], [1, 14869, 1033, 2772, 1666, 13428], [1, 14869, 1033, 22997, 2713, 13428], [1, 14869, 1206, 2772, 1666, 13428], [1, 14869, 2271, 1623, 2713, 13428], [1, 16013, 110, 1623, 2713, 13428], [1, 16013, 1206, 2772, 1666, 13428], [1, 16013, 1276, 1623, 2713, 13428], [1, 16013, 1276, 2772, 1666, 13428], [1, 16013, 1614, 1623, 2713, 13428], [1, 16013, 1614, 2772, 1666, 13428], [1, 16013, 1614, 22997, 2713, 13428], [1, 16013, 2508, 1623, 2713, 13428], [1, 16013, 11239, 22997, 2713, 13428], [1, 17414, 2271, 1623, 2713, 13428], [1, 19932, 110, 1623, 2713, 13428], [1, 19932, 2271, 1623, 2713, 13428], [1, 19932, 3828, 2772, 1666, 13428], [1, 19932, 26207, 1623, 2713, 13428], [1, 19932, 26207, 22997, 2713, 13428], [1, 44238, 3828, 2772, 1666, 13428], [1, 46814, 3828, 2772, 1666, 13428], [1, 49698, 110, 1623, 2713, 13428], [1, 49698, 429, 1623, 2713, 13428], [1, 49698, 429, 2772, 1666, 13428], [1, 49698, 429, 22997, 2713, 13428], [1, 49698, 1033, 1623, 2713, 13428], [1, 49698, 1033, 2772, 1666, 13428], [1, 49698, 1033, 22997, 2713, 13428], [1, 49698, 1108, 1623, 2713, 13428], [1, 49698, 1108, 22997, 2713, 13428], [1, 49698, 1206, 2772, 1666, 13428], [1, 49698, 1276, 1623, 2713, 13428], [1, 49698, 1276, 2772, 1666, 13428], [1, 49698, 1614, 1623, 2713, 13428], [1, 49698, 1614, 2772, 1666, 13428], [1, 49698, 1614, 22997, 2713, 13428], [1, 49698, 1723, 2772, 1666, 13428], [1, 49698, 1723, 22997, 2713, 13428], [1, 49698, 1723, 1623, 2713, 13428], [1, 49698, 2267, 1623, 2713, 13428], [1, 49698, 2267, 2772, 1666, 13428], [1, 49698, 2267, 22997, 2713, 13428], [1, 49698, 2411, 2772, 1666, 13428], [1, 49698, 2508, 1623, 2713, 13428], [1, 49698, 2508, 2772, 1666, 13428], [1, 49698, 2508, 22997, 2713, 13428], [1, 49698, 2716, 1623, 2713, 13428], [1, 49698, 2716, 2772, 1666, 13428], [1, 49698, 2716, 22997, 2713, 13428], [1, 49698, 3530, 22997, 2713, 13428], [1, 49698, 3530, 1623, 2713, 13428], [1, 49698, 11083, 22997, 2713, 13428], [1, 49698, 11239, 22997, 2713, 13428], [1, 49698, 18306, 22997, 2713, 13428], [1, 49698, 18306, 1623, 2713, 13428], [1, 49698, 20201, 22997, 2713, 13428], [1, 49698, 20201, 2772, 1666, 13428], [1, 49698, 20822, 1623, 2713, 13428], [1, 49698, 22467, 22997, 2713, 13428], [1, 49698, 22467, 1623, 2713, 13428], [1, 49698, 25160, 22997, 2713, 13428], [1, 49698, 27029, 22997, 2713, 13428], [1, 49698, 38262, 22997, 2713, 13428]]
