1 - 8325: [[1, 5026, 8325]]
1 - 8326: [[1, 49698, 1288, 8326]]
1 - 8330: [[1, 5026, 1206, 12747, 8330], [1, 5026, 1206, 306, 8330], [1, 14869, 989, 306, 8330], [1, 14869, 1033, 12747, 8330], [1, 14869, 1033, 306, 8330], [1, 14869, 1206, 12747, 8330], [1, 14869, 1206, 306, 8330], [1, 14869, 2271, 306, 8330], [1, 16013, 110, 306, 8330], [1, 16013, 1206, 12747, 8330], [1, 16013, 1206, 306, 8330], [1, 16013, 1276, 306, 8330], [1, 16013, 1614, 306, 8330], [1, 17414, 2271, 306, 8330], [1, 17414, 2542, 306, 8330], [1, 19932, 110, 306, 8330], [1, 19932, 2271, 306, 8330], [1, 49698, 110, 306, 8330], [1, 49698, 429, 306, 8330], [1, 49698, 1033, 12747, 8330], [1, 49698, 1033, 306, 8330], [1, 49698, 1206, 12747, 8330], [1, 49698, 1206, 306, 8330], [1, 49698, 1276, 306, 8330], [1, 49698, 1614, 306, 8330], [1, 49698, 1723, 12747, 8330], [1, 49698, 2267, 306, 8330], [1, 49698, 2411, 306, 8330], [1, 49698, 2508, 12747, 8330], [1, 49698, 2508, 306, 8330], [1, 49698, 2933, 306, 8330], [1, 49698, 5979, 306, 8330], [1, 49698, 38262, 306, 8330]]
1 - 8331: [[1, 5026, 1206, 8331], [1, 14869, 1033, 8331], [1, 14869, 1206, 8331], [1, 14869, 2271, 8331], [1, 16013, 1206, 8331], [1, 17414, 2271, 8331], [1, 19932, 2271, 8331], [1, 49698, 1033, 8331], [1, 49698, 1206, 8331]]
1 - 8333: [[1, 17414, 2542, 8333]]
1 - 8335: [[1, 5026, 1206, 8335], [1, 14869, 1206, 8335], [1, 16013, 1206, 8335], [1, 49698, 1206, 8335], [1, 49698, 2508, 8335]]
1 - 8336: [[1, 5026, 1206, 8336], [1, 14869, 989, 8336], [1, 14869, 1033, 8336], [1, 14869, 1206, 8336], [1, 14869, 2271, 8336], [1, 16013, 110, 8336], [1, 16013, 1206, 8336], [1, 16013, 2508, 8336], [1, 17414, 2271, 8336], [1, 17414, 2863, 8336], [1, 19932, 110, 8336], [1, 19932, 2271, 8336], [1, 49698, 110, 8336], [1, 49698, 1033, 8336], [1, 49698, 1206, 8336], [1, 49698, 1723, 8336], [1, 49698, 2508, 8336], [1, 49698, 6512, 8336], [1, 49698, 20201, 8336]]
1 - 8337: [[1, 5026, 1206, 50, 8337], [1, 5026, 1206, 1827, 8337], [1, 5026, 1206, 420, 8337], [1, 14869, 1033, 420, 8337], [1, 14869, 1206, 50, 8337], [1, 14869, 1206, 1827, 8337], [1, 14869, 1206, 420, 8337], [1, 14869, 2271, 50, 8337], [1, 14869, 2271, 420, 8337], [1, 16013, 110, 50, 8337], [1, 16013, 110, 420, 8337], [1, 16013, 1206, 50, 8337], [1, 16013, 1206, 1827, 8337], [1, 16013, 1206, 420, 8337], [1, 16013, 1276, 420, 8337], [1, 16013, 1614, 420, 8337], [1, 17414, 2271, 50, 8337], [1, 17414, 2271, 420, 8337], [1, 19932, 110, 50, 8337], [1, 19932, 110, 420, 8337], [1, 19932, 2271, 50, 8337], [1, 19932, 2271, 420, 8337], [1, 19932, 36068, 420, 8337], [1, 44552, 36068, 420, 8337], [1, 48458, 5638, 420, 8337], [1, 49698, 110, 50, 8337], [1, 49698, 110, 420, 8337], [1, 49698, 429, 50, 8337], [1, 49698, 429, 420, 8337], [1, 49698, 1033, 420, 8337], [1, 49698, 1108, 420, 8337], [1, 49698, 1206, 50, 8337], [1, 49698, 1206, 1827, 8337], [1, 49698, 1206, 420, 8337], [1, 49698, 1276, 420, 8337], [1, 49698, 1288, 420, 8337], [1, 49698, 1614, 420, 8337], [1, 49698, 2267, 420, 8337], [1, 49698, 2411, 420, 8337], [1, 49698, 2508, 50, 8337], [1, 49698, 2508, 420, 8337], [1, 49698, 2716, 420, 8337], [1, 49698, 2933, 50, 8337], [1, 49698, 2933, 420, 8337], [1, 49698, 3530, 420, 8337], [1, 49698, 5638, 420, 8337], [1, 49698, 5979, 420, 8337], [1, 49698, 11083, 420, 8337], [1, 49698, 20201, 420, 8337], [1, 49698, 20201, 1827, 8337], [1, 49698, 25160, 420, 8337]]
1 - 8338: [[1, 5026, 1206, 8338], [1, 14869, 1206, 8338], [1, 14869, 2271, 8338], [1, 16013, 1206, 8338], [1, 17414, 2271, 8338], [1, 19932, 2271, 8338], [1, 49698, 1206, 8338]]
1 - 8339: [[1, 16013, 110, 8339], [1, 19932, 110, 8339], [1, 49698, 110, 8339], [1, 49698, 429, 8339]]
1 - 8340: [[1, 16013, 110, 8340], [1, 19932, 110, 8340], [1, 49698, 110, 8340], [1, 49698, 1288, 8340]]
1 - 8341: [[1, 16013, 110, 8341], [1, 19932, 110, 8341], [1, 49698, 110, 8341]]
1 - 8342: [[1, 49698, 429, 8342], [1, 49698, 2508, 8342]]
1 - 8343: [[1, 14869, 2271, 8343], [1, 16013, 110, 8343], [1, 17414, 2271, 8343], [1, 19932, 110, 8343], [1, 19932, 2271, 8343], [1, 49698, 110, 8343]]
1 - 8344: [[1, 5026, 1206, 8344], [1, 14869, 1206, 8344], [1, 16013, 1206, 8344], [1, 49698, 1206, 8344]]
1 - 8345: [[1, 5026, 2232, 8345], [1, 49698, 1288, 8345]]
1 - 8346: [[1, 17414, 2542, 8346]]
1 - 8348: [[1, 17414, 2542, 8348], [1, 49698, 1288, 8348]]
1 - 8349: [[1, 16013, 2508, 7266, 8349], [1, 16013, 2508, 15883, 8349], [1, 49698, 2508, 7266, 8349], [1, 49698, 2508, 15883, 8349]]
1 - 8350: [[1, 16013, 110, 8350], [1, 19932, 110, 8350], [1, 49698, 110, 8350]]
1 - 8351: [[1, 5026, 1206, 123, 8351], [1, 14869, 989, 123, 8351], [1, 14869, 1033, 123, 8351], [1, 14869, 1206, 123, 8351], [1, 14869, 2271, 20047, 8351], [1, 14869, 2271, 123, 8351], [1, 16013, 110, 123, 8351], [1, 16013, 1206, 123, 8351], [1, 16013, 1276, 123, 8351], [1, 16013, 1614, 123, 8351], [1, 16013, 19481, 123, 8351], [1, 17414, 2271, 20047, 8351], [1, 17414, 2271, 123, 8351], [1, 17414, 2542, 123, 8351], [1, 19932, 110, 123, 8351], [1, 19932, 2271, 20047, 8351], [1, 19932, 2271, 123, 8351], [1, 49698, 110, 123, 8351], [1, 49698, 429, 123, 8351], [1, 49698, 1033, 123, 8351], [1, 49698, 1206, 123, 8351], [1, 49698, 1276, 123, 8351], [1, 49698, 1288, 123, 8351], [1, 49698, 1614, 123, 8351], [1, 49698, 1723, 123, 8351], [1, 49698, 2267, 123, 8351], [1, 49698, 2411, 123, 8351], [1, 49698, 2508, 123, 8351], [1, 49698, 2716, 123, 8351], [1, 49698, 5979, 123, 8351], [1, 49698, 38262, 123, 8351]]
1 - 8353: [[1, 17414, 2542, 8353]]
1 - 8355: [[1, 14869, 1033, 8355], [1, 16013, 1276, 8355], [1, 16013, 1614, 8355], [1, 16013, 1723, 8355], [1, 19932, 26207, 8355], [1, 49698, 429, 8355], [1, 49698, 1033, 8355], [1, 49698, 1276, 8355], [1, 49698, 1614, 8355], [1, 49698, 1723, 8355], [1, 49698, 2267, 8355], [1, 49698, 2508, 8355], [1, 49698, 2608, 8355], [1, 49698, 12314, 8355], [1, 62917, 14727, 8355]]
1 - 8356: [[1, 5026, 1206, 8356], [1, 14869, 1033, 8356], [1, 14869, 1206, 8356], [1, 16013, 1206, 8356], [1, 49698, 1033, 8356], [1, 49698, 1206, 8356]]
1 - 8358: [[1, 5026, 1206, 8358], [1, 14869, 1206, 8358], [1, 16013, 1206, 8358], [1, 49698, 1206, 8358]]
1 - 8359: [[1, 16013, 110, 8359], [1, 17414, 2542, 8359], [1, 19932, 110, 8359], [1, 49698, 110, 8359], [1, 49698, 1288, 8359]]
1 - 8361: [[1, 5026, 1206, 8361], [1, 14869, 1206, 8361], [1, 14869, 2271, 8361], [1, 16013, 1206, 8361], [1, 16013, 2508, 8361], [1, 17414, 2271, 8361], [1, 19932, 2271, 8361], [1, 49698, 1206, 8361], [1, 49698, 2508, 8361]]
1 - 8362: [[1, 16013, 110, 8362], [1, 19932, 110, 8362], [1, 49698, 110, 8362]]
1 - 8363: [[1, 5026, 1206, 8363], [1, 14869, 1206, 8363], [1, 16013, 110, 8363], [1, 16013, 1206, 8363], [1, 19932, 110, 8363], [1, 49698, 110, 8363], [1, 49698, 1206, 8363]]
1 - 8364: [[1, 5026, 1206, 8364], [1, 14869, 1206, 8364], [1, 16013, 110, 8364], [1, 16013, 1206, 8364], [1, 19932, 110, 8364], [1, 49698, 110, 8364], [1, 49698, 1206, 8364]]
1 - 8366: [[1, 49698, 1288, 8366]]
1 - 8367: [[1, 5026, 1206, 8367], [1, 14869, 1206, 8367], [1, 14869, 2271, 8367], [1, 16013, 110, 8367], [1, 16013, 1206, 8367], [1, 17414, 2271, 8367], [1, 17414, 2542, 8367], [1, 19932, 110, 8367], [1, 19932, 2271, 8367], [1, 49698, 110, 8367], [1, 49698, 1206, 8367]]
1 - 8368: [[1, 16013, 25610, 8368], [1, 49698, 1481, 8368]]
1 - 8369: [[1, 49698, 2508, 8369]]
1 - 8370: [[1, 5026, 1206, 8370], [1, 14869, 1033, 8370], [1, 14869, 1206, 8370], [1, 16013, 1206, 8370], [1, 16013, 1723, 8370], [1, 49698, 1033, 8370], [1, 49698, 1206, 8370], [1, 49698, 1723, 8370], [1, 49698, 2508, 8370]]
1 - 8371: [[1, 17414, 2542, 8371]]
1 - 8374: [[1, 5026, 1206, 8374], [1, 14869, 1206, 8374], [1, 16013, 1206, 8374], [1, 17414, 2542, 8374], [1, 49698, 1206, 8374]]
1 - 8376: [[1, 16013, 110, 8376], [1, 19932, 110, 8376], [1, 49698, 110, 8376]]
1 - 8377: [[1, 5026, 1206, 306, 8377], [1, 14869, 989, 306, 8377], [1, 14869, 1033, 306, 8377], [1, 14869, 1206, 306, 8377], [1, 14869, 2271, 2687, 8377], [1, 14869, 2271, 306, 8377], [1, 16013, 110, 306, 8377], [1, 16013, 1206, 306, 8377], [1, 16013, 1276, 306, 8377], [1, 16013, 1614, 306, 8377], [1, 17414, 2271, 2687, 8377], [1, 17414, 2271, 306, 8377], [1, 17414, 2542, 306, 8377], [1, 19932, 110, 306, 8377], [1, 19932, 2271, 2687, 8377], [1, 19932, 2271, 306, 8377], [1, 49698, 110, 306, 8377], [1, 49698, 429, 306, 8377], [1, 49698, 1033, 306, 8377], [1, 49698, 1206, 306, 8377], [1, 49698, 1276, 306, 8377], [1, 49698, 1614, 306, 8377], [1, 49698, 2267, 306, 8377], [1, 49698, 2411, 306, 8377], [1, 49698, 2508, 306, 8377], [1, 49698, 2933, 306, 8377], [1, 49698, 5979, 306, 8377], [1, 49698, 38262, 306, 8377]]
1 - 8378: [[1, 49698, 350, 8378]]
1 - 8380: [[1, 14869, 2271, 8380], [1, 16013, 110, 8380], [1, 17414, 2271, 8380], [1, 19932, 110, 8380], [1, 19932, 2271, 8380], [1, 49698, 110, 8380]]
1 - 8381: [[1, 49698, 350, 8381]]
1 - 8382: [[1, 49698, 2508, 8382]]
1 - 8384: [[1, 5026, 1206, 8384], [1, 14869, 1206, 8384], [1, 16013, 1206, 8384], [1, 49698, 1206, 8384]]
1 - 8388: [[1, 49698, 2267, 8388], [1, 49698, 2508, 8388], [1, 49698, 3530, 8388], [1, 49698, 25160, 8388]]
1 - 8389: [[1, 49698, 5979, 8389]]
1 - 8390: [[1, 17414, 2542, 8390]]
1 - 8391: [[1, 49698, 1288, 8391], [1, 49698, 8493, 8391]]
1 - 8392: [[1, 5026, 1206, 8392], [1, 14869, 1206, 8392], [1, 16013, 1206, 8392], [1, 49698, 1206, 8392]]
1 - 8396: [[1, 5026, 1206, 8396], [1, 14869, 1206, 8396], [1, 16013, 1206, 8396], [1, 49698, 1206, 8396], [1, 49698, 3052, 8396]]
1 - 8399: [[1, 16013, 2508, 8399], [1, 49698, 2508, 8399]]
1 - 8401: [[1, 14869, 2271, 8401], [1, 16013, 2508, 8401], [1, 17414, 2271, 8401], [1, 19932, 2271, 8401], [1, 49698, 2508, 8401]]
1 - 8402: [[1, 5026, 1206, 35215, 8402], [1, 14869, 1033, 35215, 8402], [1, 14869, 1206, 35215, 8402], [1, 14869, 2271, 5201, 8402], [1, 16013, 110, 35215, 8402], [1, 16013, 1206, 35215, 8402], [1, 16013, 2508, 5201, 8402], [1, 17414, 2271, 5201, 8402], [1, 19932, 110, 35215, 8402], [1, 19932, 2271, 5201, 8402], [1, 49698, 110, 35215, 8402], [1, 49698, 429, 5201, 8402], [1, 49698, 1033, 35215, 8402], [1, 49698, 1206, 35215, 8402], [1, 49698, 1723, 5201, 8402], [1, 49698, 2508, 5201, 8402], [1, 49698, 3530, 5201, 8402], [1, 49698, 20201, 5201, 8402]]
1 - 8403: [[1, 49698, 6493, 8403]]
1 - 8404: [[1, 16013, 110, 8404], [1, 19932, 110, 8404], [1, 49698, 110, 8404], [1, 49698, 6493, 8404]]
1 - 8406: [[1, 16013, 2508, 34540, 8406], [1, 49698, 2508, 34540, 8406]]
1 - 8407: [[1, 5026, 1206, 8407], [1, 14869, 1206, 8407], [1, 16013, 1206, 8407], [1, 49698, 1206, 8407]]
1 - 8408: [[1, 5026, 1206, 8408], [1, 14869, 1206, 8408], [1, 16013, 1206, 8408], [1, 17414, 2542, 8408], [1, 49698, 1206, 8408], [1, 49698, 1288, 8408]]
1 - 8409: [[1, 5026, 1206, 8409], [1, 14869, 1206, 8409], [1, 16013, 1206, 8409], [1, 16013, 2508, 8409], [1, 49698, 1206, 8409], [1, 49698, 2508, 8409]]
1 - 8410: [[1, 5026, 1206, 29430, 8410], [1, 14869, 1206, 29430, 8410], [1, 14869, 2271, 29430, 8410], [1, 16013, 110, 29430, 8410], [1, 16013, 1206, 29430, 8410], [1, 17414, 2271, 29430, 8410], [1, 19932, 110, 29430, 8410], [1, 19932, 2271, 29430, 8410], [1, 49698, 110, 29430, 8410], [1, 49698, 1206, 29430, 8410]]
1 - 8411: [[1, 16013, 2508, 8411], [1, 49698, 2508, 8411]]
1 - 8413: [[1, 5026, 1206, 2219, 8413], [1, 14869, 1206, 2219, 8413], [1, 14869, 2271, 2219, 8413], [1, 16013, 110, 2219, 8413], [1, 16013, 1206, 2219, 8413], [1, 16013, 1276, 2219, 8413], [1, 16013, 1614, 2219, 8413], [1, 16013, 2508, 7575, 8413], [1, 17414, 2271, 2219, 8413], [1, 19932, 110, 2219, 8413], [1, 19932, 2271, 2219, 8413], [1, 49698, 110, 2219, 8413], [1, 49698, 429, 2219, 8413], [1, 49698, 1206, 2219, 8413], [1, 49698, 1276, 2219, 8413], [1, 49698, 1614, 2219, 8413], [1, 49698, 1723, 2219, 8413], [1, 49698, 2267, 2219, 8413], [1, 49698, 2508, 7575, 8413], [1, 49698, 2508, 2219, 8413], [1, 49698, 2933, 2219, 8413], [1, 49698, 3139, 2219, 8413], [1, 49698, 3507, 2219, 8413], [1, 49698, 3530, 2219, 8413], [1, 49698, 20201, 2219, 8413], [1, 49698, 25160, 2219, 8413], [1, 49698, 38262, 2219, 8413]]
1 - 8414: [[1, 49698, 350, 8414]]
1 - 8415: [[1, 49698, 2411, 8415], [1, 49698, 2716, 8415], [1, 49698, 3530, 8415], [1, 49698, 5838, 8415], [1, 49698, 8493, 8415], [1, 49698, 11354, 8415]]
1 - 8418: [[1, 16013, 20201, 8418], [1, 49698, 20201, 8418], [1, 49698, 42061, 8418]]
1 - 8419: [[1, 49698, 5979, 2535, 8419]]
1 - 8422: [[1, 5026, 1206, 8422], [1, 14869, 1206, 8422], [1, 14869, 2271, 8422], [1, 16013, 110, 8422], [1, 16013, 1206, 8422], [1, 16013, 1276, 8422], [1, 17414, 2271, 8422], [1, 19932, 110, 8422], [1, 19932, 2271, 8422], [1, 19932, 26207, 8422], [1, 49698, 110, 8422], [1, 49698, 1206, 8422], [1, 49698, 1276, 8422], [1, 49698, 2508, 8422], [1, 49698, 3530, 8422], [1, 49698, 18306, 8422], [1, 49698, 20201, 8422], [1, 49698, 22467, 8422], [1, 49698, 25160, 8422]]
1 - 8423: [[1, 17414, 2542, 8423]]
1 - 8425: [[1, 14869, 2271, 8425], [1, 17414, 2271, 8425], [1, 17414, 2542, 8425], [1, 19932, 2271, 8425]]
1 - 8428: [[1, 5026, 24548, 8428], [1, 5026, 1206, 8428], [1, 14869, 1206, 8428], [1, 16013, 1206, 8428], [1, 49698, 1206, 8428]]
1 - 8429: [[1, 49698, 1288, 8429]]
1 - 8430: [[1, 16013, 110, 8430], [1, 19932, 110, 8430], [1, 49698, 110, 8430]]
1 - 8431: [[1, 16013, 110, 8431], [1, 19932, 110, 8431], [1, 49698, 110, 8431]]
1 - 8433: [[1, 17414, 2542, 5339, 8433]]
1 - 8434: [[1, 16013, 110, 8434], [1, 19932, 110, 8434], [1, 49698, 110, 8434], [1, 49698, 2508, 8434]]
1 - 8435: [[1, 5026, 1206, 8435], [1, 14869, 989, 8435], [1, 14869, 1206, 8435], [1, 16013, 1206, 8435], [1, 49698, 1206, 8435]]
1 - 8436: [[1, 5026, 1206, 123, 8436], [1, 14869, 989, 123, 8436], [1, 14869, 1033, 123, 8436], [1, 14869, 1206, 123, 8436], [1, 14869, 2271, 123, 8436], [1, 16013, 110, 123, 8436], [1, 16013, 1206, 123, 8436], [1, 16013, 1276, 123, 8436], [1, 16013, 1614, 123, 8436], [1, 16013, 2508, 11891, 8436], [1, 16013, 19481, 123, 8436], [1, 17414, 2271, 123, 8436], [1, 17414, 2542, 123, 8436], [1, 19932, 110, 123, 8436], [1, 19932, 2271, 123, 8436], [1, 49698, 110, 123, 8436], [1, 49698, 429, 123, 8436], [1, 49698, 1033, 123, 8436], [1, 49698, 1206, 123, 8436], [1, 49698, 1276, 123, 8436], [1, 49698, 1288, 123, 8436], [1, 49698, 1614, 123, 8436], [1, 49698, 1723, 123, 8436], [1, 49698, 2267, 123, 8436], [1, 49698, 2411, 123, 8436], [1, 49698, 2508, 11891, 8436], [1, 49698, 2508, 123, 8436], [1, 49698, 2716, 123, 8436], [1, 49698, 5979, 123, 8436], [1, 49698, 38262, 123, 8436]]
1 - 8438: [[1, 5026, 1206, 8438], [1, 14869, 1206, 8438], [1, 16013, 110, 8438], [1, 16013, 1206, 8438], [1, 19932, 110, 8438], [1, 49698, 110, 8438], [1, 49698, 1206, 8438]]
1 - 8439: [[1, 5026, 1206, 8439], [1, 14869, 1206, 8439], [1, 16013, 1206, 8439], [1, 49698, 1206, 8439]]
1 - 8441: [[1, 16013, 110, 8441], [1, 19932, 110, 8441], [1, 49698, 110, 8441]]
1 - 8442: [[1, 16013, 110, 8442], [1, 19932, 110, 8442], [1, 49698, 110, 8442]]
1 - 8444: [[1, 5026, 1206, 12800, 8444], [1, 14869, 1206, 12800, 8444], [1, 14869, 2271, 12735, 8444], [1, 16013, 110, 12735, 8444], [1, 16013, 1206, 12800, 8444], [1, 17414, 2271, 12735, 8444], [1, 17414, 2542, 12800, 8444], [1, 19932, 110, 12735, 8444], [1, 19932, 2271, 12735, 8444], [1, 49698, 110, 12735, 8444], [1, 49698, 1206, 12800, 8444]]
1 - 8445: [[1, 16013, 2508, 8445], [1, 49698, 2508, 8445]]
1 - 8446: [[1, 17414, 2542, 8446]]
1 - 8448: [[1, 5026, 1206, 8448], [1, 14869, 1206, 8448], [1, 16013, 1206, 8448], [1, 49698, 1206, 8448]]
1 - 8449: [[1, 5026, 1206, 8449], [1, 14869, 1206, 8449], [1, 16013, 1206, 8449], [1, 17414, 2542, 8449], [1, 49698, 1206, 8449]]
1 - 8450: [[1, 16013, 110, 8450], [1, 19932, 110, 8450], [1, 49698, 110, 8450], [1, 49698, 1288, 8450]]
1 - 8451: [[1, 5026, 1206, 8451], [1, 14869, 1206, 8451], [1, 16013, 1206, 8451], [1, 49698, 1206, 8451]]
1 - 8452: [[1, 5026, 1206, 8452], [1, 14869, 989, 8452], [1, 14869, 1206, 8452], [1, 16013, 1206, 8452], [1, 49698, 1206, 8452]]
1 - 8456: [[1, 5026, 1206, 8456], [1, 14869, 989, 8456], [1, 14869, 1206, 8456], [1, 16013, 1206, 8456], [1, 17414, 2542, 8456], [1, 49698, 1206, 8456], [1, 49698, 1288, 8456]]
1 - 8458: [[1, 19932, 26207, 8458], [1, 49698, 1288, 8458], [1, 49698, 2508, 8458], [1, 49698, 12314, 8458], [1, 62917, 14727, 8458]]
1 - 8459: [[1, 49698, 21858, 8459]]
1 - 8460: [[1, 49698, 1288, 8460]]
1 - 8461: [[1, 5026, 1206, 4764, 8461], [1, 5026, 1206, 8750, 8461], [1, 14869, 1206, 4764, 8461], [1, 14869, 1206, 8750, 8461], [1, 14869, 2271, 8750, 8461], [1, 16013, 110, 4764, 8461], [1, 16013, 1206, 4764, 8461], [1, 16013, 1206, 8750, 8461], [1, 16013, 1276, 4764, 8461], [1, 17414, 2271, 8750, 8461], [1, 19932, 110, 4764, 8461], [1, 19932, 2271, 8750, 8461], [1, 49698, 110, 4764, 8461], [1, 49698, 429, 4764, 8461], [1, 49698, 429, 8750, 8461], [1, 49698, 1206, 4764, 8461], [1, 49698, 1206, 8750, 8461], [1, 49698, 1276, 4764, 8461], [1, 49698, 1288, 4764, 8461], [1, 49698, 1288, 8750, 8461], [1, 49698, 1723, 8750, 8461], [1, 49698, 2267, 8750, 8461], [1, 49698, 2508, 8750, 8461], [1, 49698, 38262, 8750, 8461]]
1 - 8462: [[1, 5026, 1206, 8462], [1, 14869, 1206, 8462], [1, 16013, 110, 8462], [1, 16013, 1206, 8462], [1, 19932, 110, 8462], [1, 49698, 110, 8462], [1, 49698, 1206, 8462]]
1 - 8464: [[1, 5026, 1206, 8464], [1, 14869, 1206, 8464], [1, 16013, 110, 8464], [1, 16013, 1206, 8464], [1, 19932, 110, 8464], [1, 49698, 110, 8464], [1, 49698, 1206, 8464]]
1 - 8465: [[1, 16013, 2508, 8465], [1, 49698, 350, 8465], [1, 49698, 2508, 8465]]
1 - 8467: [[1, 16013, 110, 8467], [1, 19932, 110, 8467], [1, 49698, 110, 8467]]
1 - 8468: [[1, 14869, 1033, 8468], [1, 16013, 110, 8468], [1, 16013, 2508, 8468], [1, 19932, 110, 8468], [1, 49698, 110, 8468], [1, 49698, 1033, 8468], [1, 49698, 2508, 8468]]
1 - 8469: [[1, 49698, 2508, 2650, 8469], [1, 49698, 5979, 4560, 8469]]
1 - 8471: [[1, 5026, 1206, 19941, 8471], [1, 14869, 1033, 19405, 8471], [1, 14869, 1206, 19941, 8471], [1, 16013, 110, 19405, 8471], [1, 16013, 1206, 19941, 8471], [1, 16013, 2508, 19405, 8471], [1, 19932, 110, 19405, 8471], [1, 49698, 110, 19405, 8471], [1, 49698, 1033, 19405, 8471], [1, 49698, 1206, 19941, 8471], [1, 49698, 1288, 19941, 8471], [1, 49698, 2508, 19405, 8471], [1, 49698, 2933, 19941, 8471]]
1 - 8474: [[1, 14869, 2271, 8474], [1, 17414, 2271, 8474], [1, 19932, 2271, 8474]]
1 - 8475: [[1, 5026, 1206, 8475], [1, 14869, 1206, 8475], [1, 16013, 1206, 8475], [1, 17414, 2542, 8475], [1, 49698, 1206, 8475]]
1 - 8476: [[1, 49698, 1288, 8476], [1, 62917, 14727, 8476]]
1 - 8477: [[1, 14869, 1033, 8477], [1, 16013, 110, 8477], [1, 19932, 110, 8477], [1, 49698, 110, 8477], [1, 49698, 1033, 8477], [1, 49698, 2508, 8477], [1, 49698, 4939, 8477]]
1 - 8478: [[1, 5026, 1206, 8478], [1, 14869, 1206, 8478], [1, 16013, 1206, 8478], [1, 49698, 1206, 8478]]
1 - 8480: [[1, 17414, 2542, 8480]]
1 - 8482: [[1, 5026, 1206, 8482], [1, 14869, 1206, 8482], [1, 16013, 110, 8482], [1, 16013, 1206, 8482], [1, 19932, 110, 8482], [1, 49698, 110, 8482], [1, 49698, 1206, 8482]]
1 - 8484: [[1, 5026, 1206, 8484], [1, 14869, 989, 8484], [1, 14869, 1206, 8484], [1, 16013, 110, 8484], [1, 16013, 1206, 8484], [1, 19932, 110, 8484], [1, 49698, 110, 8484], [1, 49698, 1206, 8484]]
1 - 8485: [[1, 16013, 110, 8485], [1, 19932, 110, 8485], [1, 49698, 110, 8485]]
1 - 8486: [[1, 14869, 2271, 8486], [1, 17414, 2271, 8486], [1, 17414, 2542, 8486], [1, 19932, 2271, 8486], [1, 49698, 3052, 8486]]
1 - 8487: [[1, 49698, 1723, 8487], [1, 49698, 2508, 8487], [1, 49698, 6512, 8487]]
1 - 8488: [[1, 5026, 1206, 10565, 8488], [1, 14869, 989, 19467, 8488], [1, 14869, 1033, 340, 8488], [1, 14869, 1033, 19467, 8488], [1, 14869, 1206, 10565, 8488], [1, 14869, 2271, 10565, 8488], [1, 14869, 2271, 19467, 8488], [1, 14869, 2271, 340, 8488], [1, 16013, 110, 340, 8488], [1, 16013, 110, 10565, 8488], [1, 16013, 1206, 10565, 8488], [1, 16013, 1276, 340, 8488], [1, 16013, 1614, 19467, 8488], [1, 16013, 1723, 19467, 8488], [1, 16013, 11239, 19467, 8488], [1, 17414, 2271, 10565, 8488], [1, 17414, 2271, 19467, 8488], [1, 17414, 2271, 340, 8488], [1, 19932, 110, 340, 8488], [1, 19932, 110, 10565, 8488], [1, 19932, 2271, 10565, 8488], [1, 19932, 2271, 19467, 8488], [1, 19932, 2271, 340, 8488], [1, 49698, 110, 340, 8488], [1, 49698, 110, 10565, 8488], [1, 49698, 429, 19467, 8488], [1, 49698, 1033, 340, 8488], [1, 49698, 1033, 19467, 8488], [1, 49698, 1108, 19467, 8488], [1, 49698, 1108, 340, 8488], [1, 49698, 1206, 10565, 8488], [1, 49698, 1276, 340, 8488], [1, 49698, 1614, 19467, 8488], [1, 49698, 1723, 19467, 8488], [1, 49698, 2267, 340, 8488], [1, 49698, 2267, 19467, 8488], [1, 49698, 2508, 10565, 8488], [1, 49698, 2508, 19467, 8488], [1, 49698, 2508, 340, 8488], [1, 49698, 2933, 340, 8488], [1, 49698, 3530, 19467, 8488], [1, 49698, 11083, 19467, 8488], [1, 49698, 11239, 19467, 8488], [1, 49698, 18306, 19467, 8488], [1, 49698, 20201, 19467, 8488], [1, 49698, 22467, 19467, 8488], [1, 49698, 25160, 340, 8488], [1, 49698, 25160, 19467, 8488]]
1 - 8489: [[1, 16013, 1614, 8489], [1, 49698, 1614, 8489]]
1 - 8492: [[1, 16013, 110, 8492], [1, 19932, 110, 8492], [1, 19932, 26207, 8492], [1, 49698, 110, 8492], [1, 49698, 2508, 8492], [1, 62917, 14727, 8492]]
1 - 8493: [[1, 49698, 8493]]
1 - 8494: [[1, 14869, 2271, 8494], [1, 17414, 2271, 8494], [1, 19932, 2271, 8494]]
1 - 8495: [[1, 5026, 1206, 4808, 8495], [1, 14869, 989, 4808, 8495], [1, 14869, 1033, 4808, 8495], [1, 14869, 1206, 4808, 8495], [1, 14869, 2271, 4808, 8495], [1, 16013, 110, 4808, 8495], [1, 16013, 1206, 4808, 8495], [1, 17414, 2271, 4808, 8495], [1, 19932, 110, 4808, 8495], [1, 19932, 2271, 4808, 8495], [1, 49698, 110, 4808, 8495], [1, 49698, 429, 4808, 8495], [1, 49698, 1033, 4808, 8495], [1, 49698, 1206, 4808, 8495], [1, 49698, 1723, 4808, 8495]]
1 - 8496: [[1, 5026, 1206, 8496], [1, 14869, 1206, 8496], [1, 16013, 1206, 8496], [1, 49698, 1206, 8496], [1, 49698, 1723, 8496], [1, 49698, 2508, 8496]]
1 - 8498: [[1, 49698, 1288, 8498]]
1 - 8500: [[1, 5026, 1206, 8500], [1, 14869, 1206, 8500], [1, 16013, 1206, 8500], [1, 49698, 1206, 8500]]
1 - 8501: [[1, 5026, 1206, 8501], [1, 14869, 989, 8501], [1, 14869, 1206, 8501], [1, 16013, 1206, 8501], [1, 49698, 1206, 8501]]
1 - 8502: [[1, 49698, 1288, 8502]]
1 - 8504: [[1, 16013, 110, 8504], [1, 16013, 2508, 8504], [1, 19932, 110, 8504], [1, 49698, 110, 8504], [1, 49698, 2508, 8504]]
1 - 8505: [[1, 17414, 2542, 8505]]
1 - 8506: [[1, 16013, 110, 8506], [1, 19932, 110, 8506], [1, 49698, 110, 8506]]
1 - 8511: [[1, 14869, 989, 8511], [1, 17414, 2542, 8511]]
1 - 8512: [[1, 5026, 1206, 407, 8512], [1, 14869, 989, 407, 8512], [1, 14869, 1033, 5483, 8512], [1, 14869, 1033, 407, 8512], [1, 14869, 1206, 407, 8512], [1, 14869, 2271, 407, 8512], [1, 16013, 110, 407, 8512], [1, 16013, 110, 5483, 8512], [1, 16013, 1206, 407, 8512], [1, 16013, 1276, 407, 8512], [1, 16013, 1614, 407, 8512], [1, 17414, 2271, 407, 8512], [1, 17414, 2542, 5483, 8512], [1, 17414, 2542, 407, 8512], [1, 19932, 110, 407, 8512], [1, 19932, 110, 5483, 8512], [1, 19932, 2271, 407, 8512], [1, 49698, 110, 407, 8512], [1, 49698, 110, 5483, 8512], [1, 49698, 429, 5483, 8512], [1, 49698, 429, 407, 8512], [1, 49698, 1033, 5483, 8512], [1, 49698, 1033, 407, 8512], [1, 49698, 1206, 407, 8512], [1, 49698, 1276, 407, 8512], [1, 49698, 1288, 407, 8512], [1, 49698, 1614, 407, 8512], [1, 49698, 1723, 407, 8512], [1, 49698, 2267, 407, 8512], [1, 49698, 2411, 407, 8512], [1, 49698, 2508, 407, 8512], [1, 49698, 2716, 407, 8512], [1, 49698, 2933, 5483, 8512], [1, 49698, 2933, 407, 8512], [1, 49698, 5979, 407, 8512]]
1 - 8513: [[1, 14869, 989, 8513], [1, 14869, 2271, 8513], [1, 16013, 110, 8513], [1, 17414, 2271, 8513], [1, 19932, 110, 8513], [1, 19932, 2271, 8513], [1, 49698, 110, 8513]]
1 - 8514: [[1, 14869, 989, 8514]]
1 - 8516: [[1, 5026, 1206, 2007, 8516], [1, 14869, 989, 2007, 8516], [1, 14869, 1033, 2007, 8516], [1, 14869, 1206, 2007, 8516], [1, 14869, 2271, 2007, 8516], [1, 16013, 1206, 2007, 8516], [1, 16013, 1276, 2007, 8516], [1, 17414, 2271, 2007, 8516], [1, 17414, 2542, 2007, 8516], [1, 17414, 2542, 8859, 8516], [1, 19932, 2271, 2007, 8516], [1, 49698, 1033, 2007, 8516], [1, 49698, 1206, 2007, 8516], [1, 49698, 1276, 2007, 8516], [1, 49698, 2508, 2007, 8516]]
1 - 8517: [[1, 16013, 110, 8517], [1, 19932, 110, 8517], [1, 49698, 110, 8517]]
1 - 8518: [[1, 49698, 2123, 8518]]
1 - 8519: [[1, 17414, 2542, 8519]]
1 - 8520: [[1, 16013, 110, 4591, 8520], [1, 19932, 110, 4591, 8520], [1, 49698, 110, 4591, 8520], [1, 49698, 429, 4591, 8520]]
1 - 8521: [[1, 16013, 110, 8521], [1, 19932, 110, 8521], [1, 49698, 110, 8521]]
1 - 8523: [[1, 14869, 1033, 8523], [1, 49698, 1033, 8523]]
1 - 8524: [[1, 5026, 1206, 8524], [1, 14869, 1206, 8524], [1, 16013, 1206, 8524], [1, 17414, 2542, 8524], [1, 49698, 1206, 8524]]
1 - 8526: [[1, 17414, 2542, 8526]]
1 - 8528: [[1, 49698, 5979, 2535, 8528]]
1 - 8530: [[1, 5026, 1206, 8530], [1, 14869, 1206, 8530], [1, 16013, 1206, 8530], [1, 17414, 2542, 8530], [1, 49698, 1206, 8530]]
1 - 8532: [[1, 5026, 1206, 306, 8532], [1, 14869, 989, 306, 8532], [1, 14869, 1033, 306, 8532], [1, 14869, 1206, 306, 8532], [1, 14869, 2271, 2687, 8532], [1, 14869, 2271, 306, 8532], [1, 16013, 110, 306, 8532], [1, 16013, 1206, 306, 8532], [1, 16013, 1276, 306, 8532], [1, 16013, 1614, 306, 8532], [1, 17414, 2271, 2687, 8532], [1, 17414, 2271, 306, 8532], [1, 17414, 2542, 306, 8532], [1, 19932, 110, 306, 8532], [1, 19932, 2271, 2687, 8532], [1, 19932, 2271, 306, 8532], [1, 49698, 110, 306, 8532], [1, 49698, 429, 306, 8532], [1, 49698, 1033, 306, 8532], [1, 49698, 1206, 306, 8532], [1, 49698, 1276, 306, 8532], [1, 49698, 1614, 306, 8532], [1, 49698, 2267, 306, 8532], [1, 49698, 2411, 306, 8532], [1, 49698, 2508, 306, 8532], [1, 49698, 2933, 306, 8532], [1, 49698, 5979, 306, 8532], [1, 49698, 38262, 306, 8532]]
1 - 8533: [[1, 5026, 1206, 20066, 8533], [1, 5026, 1206, 306, 8533], [1, 14869, 989, 306, 8533], [1, 14869, 1033, 306, 8533], [1, 14869, 1206, 20066, 8533], [1, 14869, 1206, 306, 8533], [1, 14869, 2271, 306, 8533], [1, 16013, 110, 306, 8533], [1, 16013, 1206, 20066, 8533], [1, 16013, 1206, 306, 8533], [1, 16013, 1276, 306, 8533], [1, 16013, 1614, 306, 8533], [1, 17414, 2271, 306, 8533], [1, 17414, 2542, 306, 8533], [1, 19932, 110, 306, 8533], [1, 19932, 2271, 306, 8533], [1, 49698, 110, 306, 8533], [1, 49698, 429, 306, 8533], [1, 49698, 1033, 306, 8533], [1, 49698, 1206, 20066, 8533], [1, 49698, 1206, 306, 8533], [1, 49698, 1276, 306, 8533], [1, 49698, 1288, 20066, 8533], [1, 49698, 1614, 306, 8533], [1, 49698, 2267, 306, 8533], [1, 49698, 2411, 306, 8533], [1, 49698, 2508, 306, 8533], [1, 49698, 2933, 20066, 8533], [1, 49698, 2933, 306, 8533], [1, 49698, 5979, 306, 8533], [1, 49698, 38262, 306, 8533]]
1 - 8534: [[1, 5026, 1206, 8534], [1, 14869, 1206, 8534], [1, 16013, 1206, 8534], [1, 49698, 1206, 8534]]
1 - 8536: [[1, 5026, 1206, 8536], [1, 14869, 1206, 8536], [1, 14869, 2271, 8536], [1, 16013, 1206, 8536], [1, 16013, 1614, 8536], [1, 17414, 2271, 8536], [1, 17414, 2542, 8536], [1, 19932, 2271, 8536], [1, 49698, 1206, 8536], [1, 49698, 1288, 8536], [1, 49698, 1614, 8536], [1, 49698, 2508, 8536], [1, 49698, 2716, 8536]]
1 - 8537: [[1, 16013, 110, 8537], [1, 19932, 110, 8537], [1, 49698, 110, 8537]]
1 - 8540: [[1, 17414, 2542, 8540]]
1 - 8541: [[1, 5026, 1206, 8541], [1, 14869, 1206, 8541], [1, 16013, 1206, 8541], [1, 49698, 429, 8541], [1, 49698, 1206, 8541]]
1 - 8542: [[1, 49698, 2508, 8542]]
1 - 8544: [[1, 49698, 1288, 8544]]
1 - 8545: [[1, 5026, 1206, 8545], [1, 14869, 1206, 8545], [1, 16013, 1206, 8545], [1, 49698, 1206, 8545]]
1 - 8546: [[1, 5026, 1206, 8546], [1, 14869, 1206, 8546], [1, 16013, 1206, 8546], [1, 49698, 1206, 8546]]
1 - 8547: [[1, 49698, 429, 8547], [1, 49698, 2411, 8547], [1, 49698, 2508, 8547]]
1 - 8549: [[1, 5026, 1206, 5499, 8549], [1, 14869, 1033, 5499, 8549], [1, 14869, 1206, 5499, 8549], [1, 14869, 2271, 5499, 8549], [1, 16013, 1206, 5499, 8549], [1, 16013, 1276, 5499, 8549], [1, 16013, 11239, 5499, 8549], [1, 17414, 2271, 5499, 8549], [1, 19932, 2271, 5499, 8549], [1, 19932, 26207, 5499, 8549], [1, 49698, 429, 5499, 8549], [1, 49698, 1033, 5499, 8549], [1, 49698, 1206, 5499, 8549], [1, 49698, 1276, 5499, 8549], [1, 49698, 1723, 5499, 8549], [1, 49698, 2508, 5499, 8549], [1, 49698, 2933, 5499, 8549], [1, 49698, 3530, 5499, 8549], [1, 49698, 11083, 5499, 8549], [1, 49698, 11239, 5499, 8549], [1, 49698, 22467, 5499, 8549], [1, 49698, 27029, 5499, 8549]]
1 - 8550: [[1, 16013, 21938, 8550], [1, 17414, 2542, 8550], [1, 49698, 21938, 8550]]
1 - 8551: [[1, 14869, 1033, 5486, 8551], [1, 14869, 2271, 5486, 8551], [1, 16013, 110, 5486, 8551], [1, 17414, 2271, 5486, 8551], [1, 17414, 2542, 1513, 8551], [1, 17414, 2542, 5486, 8551], [1, 19932, 110, 5486, 8551], [1, 19932, 2271, 5486, 8551], [1, 49698, 110, 5486, 8551], [1, 49698, 429, 5486, 8551], [1, 49698, 1033, 5486, 8551], [1, 49698, 2933, 5486, 8551]]
1 - 8552: [[1, 5026, 1206, 8552], [1, 14869, 1206, 8552], [1, 16013, 1206, 8552], [1, 49698, 1206, 8552]]
1 - 8553: [[1, 14869, 1033, 2546, 8553], [1, 49698, 1033, 2546, 8553], [1, 49698, 2267, 2546, 8553], [1, 49698, 2508, 2546, 8553], [1, 49698, 20201, 2546, 8553], [1, 49698, 25160, 2546, 8553]]
1 - 8554: [[1, 17414, 2542, 8554], [1, 17414, 2863, 8554]]
1 - 8555: [[1, 5026, 1206, 8555], [1, 14869, 1206, 8555], [1, 16013, 110, 8555], [1, 16013, 1206, 8555], [1, 19932, 110, 8555], [1, 49698, 110, 8555], [1, 49698, 1206, 8555]]
1 - 8556: [[1, 5026, 1206, 8556], [1, 5026, 1374, 8556], [1, 14869, 1206, 8556], [1, 16013, 110, 8556], [1, 16013, 1206, 8556], [1, 19932, 110, 8556], [1, 49698, 110, 8556], [1, 49698, 1206, 8556]]
1 - 8557: [[1, 5026, 1206, 8557], [1, 14869, 1206, 8557], [1, 16013, 1206, 8557], [1, 49698, 1206, 8557], [1, 49698, 1288, 8557], [1, 49698, 2411, 8557]]
1 - 8558: [[1, 5026, 1206, 8558], [1, 14869, 1206, 8558], [1, 14869, 2271, 8558], [1, 16013, 110, 8558], [1, 16013, 1206, 8558], [1, 17414, 2271, 8558], [1, 19932, 110, 8558], [1, 19932, 2271, 8558], [1, 19932, 3828, 8558], [1, 19932, 9442, 8558], [1, 44238, 3828, 8558], [1, 46814, 3828, 8558], [1, 49698, 110, 8558], [1, 49698, 1206, 8558], [1, 49698, 2267, 8558], [1, 49698, 38262, 8558]]
1 - 8559: [[1, 16013, 110, 8559], [1, 19932, 110, 8559], [1, 49698, 110, 8559]]
1 - 8560: [[1, 5026, 1206, 8560], [1, 14869, 1206, 8560], [1, 16013, 110, 8560], [1, 16013, 1206, 8560], [1, 19932, 110, 8560], [1, 49698, 110, 8560], [1, 49698, 1206, 8560], [1, 49698, 1288, 8560]]
1 - 8564: [[1, 14869, 2271, 10133, 8564], [1, 17414, 2271, 10133, 8564], [1, 19932, 2271, 10133, 8564], [1, 49698, 429, 10567, 8564], [1, 49698, 1723, 10567, 8564], [1, 49698, 2508, 10567, 8564]]
1 - 8565: [[1, 14869, 2271, 8565], [1, 17414, 2271, 8565], [1, 19932, 2271, 8565]]
1 - 8567: [[1, 14869, 2271, 8567], [1, 17414, 2271, 8567], [1, 19932, 2271, 8567]]
1 - 8572: [[1, 14869, 1033, 8572], [1, 16013, 110, 8572], [1, 16013, 2508, 8572], [1, 19932, 110, 8572], [1, 49698, 110, 8572], [1, 49698, 1033, 8572], [1, 49698, 2508, 8572]]
1 - 8574: [[1, 5026, 1206, 8574], [1, 14869, 1206, 8574], [1, 16013, 1206, 8574], [1, 49698, 1206, 8574], [1, 49698, 2508, 8574]]
1 - 8575: [[1, 5026, 1206, 8575], [1, 14869, 1206, 8575], [1, 16013, 1206, 8575], [1, 49698, 1206, 8575]]
1 - 8578: [[1, 5026, 1206, 8578], [1, 14869, 1206, 8578], [1, 14869, 2271, 8578], [1, 16013, 1206, 8578], [1, 17414, 2271, 8578], [1, 19932, 2271, 8578], [1, 19932, 36068, 8578], [1, 44552, 36068, 8578], [1, 49698, 1206, 8578], [1, 49698, 2757, 8578]]
1 - 8579: [[1, 5026, 8579]]
1 - 8580: [[1, 16013, 110, 8580], [1, 19932, 110, 8580], [1, 49698, 110, 8580]]
1 - 8581: [[1, 16013, 110, 8581], [1, 16013, 2508, 8581], [1, 19932, 110, 8581], [1, 49698, 110, 8581], [1, 49698, 2508, 8581]]
1 - 8583: [[1, 5026, 1206, 6414, 8583], [1, 5026, 1206, 123, 8583], [1, 14869, 989, 123, 8583], [1, 14869, 1033, 123, 8583], [1, 14869, 1206, 6414, 8583], [1, 14869, 1206, 123, 8583], [1, 14869, 2271, 123, 8583], [1, 16013, 110, 123, 8583], [1, 16013, 1206, 6414, 8583], [1, 16013, 1206, 123, 8583], [1, 16013, 1276, 123, 8583], [1, 16013, 1614, 123, 8583], [1, 16013, 19481, 123, 8583], [1, 17414, 2271, 123, 8583], [1, 17414, 2542, 123, 8583], [1, 19932, 110, 123, 8583], [1, 19932, 2271, 123, 8583], [1, 49698, 110, 123, 8583], [1, 49698, 429, 6414, 8583], [1, 49698, 429, 123, 8583], [1, 49698, 1033, 123, 8583], [1, 49698, 1206, 6414, 8583], [1, 49698, 1206, 123, 8583], [1, 49698, 1276, 123, 8583], [1, 49698, 1288, 123, 8583], [1, 49698, 1614, 123, 8583], [1, 49698, 1723, 123, 8583], [1, 49698, 2267, 123, 8583], [1, 49698, 2411, 123, 8583], [1, 49698, 2508, 123, 8583], [1, 49698, 2716, 123, 8583], [1, 49698, 5979, 123, 8583], [1, 49698, 38262, 123, 8583]]
1 - 8585: [[1, 5026, 1206, 8585], [1, 14869, 1206, 8585], [1, 16013, 110, 8585], [1, 16013, 1206, 8585], [1, 19932, 110, 8585], [1, 49698, 110, 8585], [1, 49698, 1206, 8585]]
1 - 8587: [[1, 5026, 1206, 8587], [1, 14869, 1206, 8587], [1, 16013, 1206, 8587], [1, 16013, 2508, 8587], [1, 49698, 1206, 8587], [1, 49698, 2508, 8587]]
1 - 8588: [[1, 5026, 1206, 10820, 8588], [1, 14869, 1206, 10820, 8588], [1, 16013, 110, 10820, 8588], [1, 16013, 110, 15464, 8588], [1, 16013, 1206, 10820, 8588], [1, 16013, 1276, 10820, 8588], [1, 16013, 1614, 10820, 8588], [1, 16013, 2508, 10820, 8588], [1, 19932, 110, 10820, 8588], [1, 19932, 110, 15464, 8588], [1, 49698, 110, 10820, 8588], [1, 49698, 110, 15464, 8588], [1, 49698, 429, 10820, 8588], [1, 49698, 429, 15464, 8588], [1, 49698, 1206, 10820, 8588], [1, 49698, 1276, 10820, 8588], [1, 49698, 1614, 10820, 8588], [1, 49698, 1723, 10820, 8588], [1, 49698, 2267, 10820, 8588], [1, 49698, 2508, 10820, 8588], [1, 49698, 2508, 15464, 8588], [1, 49698, 2933, 10820, 8588], [1, 49698, 3530, 10820, 8588], [1, 49698, 4939, 15464, 8588], [1, 49698, 25160, 10820, 8588]]
1 - 8589: [[1, 49698, 6493, 8589]]
1 - 8591: [[1, 5026, 1206, 8591], [1, 14869, 1206, 8591], [1, 16013, 110, 8591], [1, 16013, 1206, 8591], [1, 19932, 110, 8591], [1, 49698, 110, 8591], [1, 49698, 1206, 8591]]
1 - 8592: [[1, 49698, 1288, 8592]]
1 - 8594: [[1, 49698, 1288, 8594]]
1 - 8595: [[1, 5026, 1206, 8595], [1, 14869, 1206, 8595], [1, 16013, 1206, 8595], [1, 49698, 1206, 8595]]
1 - 8597: [[1, 16013, 2508, 8597], [1, 49698, 2508, 8597]]
1 - 8598: [[1, 5026, 1206, 8598], [1, 14869, 1206, 8598], [1, 16013, 1206, 8598], [1, 49698, 1206, 8598]]
1 - 8599: [[1, 17414, 2542, 8599]]
1 - 8600: [[1, 16013, 110, 8600], [1, 16013, 2508, 8600], [1, 19932, 110, 8600], [1, 49698, 110, 8600], [1, 49698, 2508, 8600]]
1 - 8603: [[1, 49698, 1288, 8603]]
1 - 8604: [[1, 5026, 1206, 8604], [1, 14869, 1206, 8604], [1, 16013, 1206, 8604], [1, 49698, 1206, 8604], [1, 49698, 1288, 8604]]
1 - 8605: [[1, 14869, 1033, 8605], [1, 16013, 1614, 8605], [1, 49698, 1033, 8605], [1, 49698, 1614, 8605], [1, 49698, 1723, 8605], [1, 49698, 2508, 8605]]
1 - 8606: [[1, 5026, 1206, 8606], [1, 14869, 1206, 8606], [1, 16013, 1206, 8606], [1, 17414, 2542, 8606], [1, 49698, 1206, 8606]]
1 - 8607: [[1, 5026, 1206, 8607], [1, 14869, 1033, 8607], [1, 14869, 1206, 8607], [1, 16013, 1206, 8607], [1, 49698, 429, 8607], [1, 49698, 1033, 8607], [1, 49698, 1206, 8607], [1, 49698, 1723, 8607], [1, 49698, 2508, 8607]]
1 - 8611: [[1, 17414, 2542, 8611], [1, 49698, 10426, 8611]]
1 - 8613: [[1, 5026, 12031, 8613]]
1 - 8614: [[1, 49698, 1288, 8614]]
1 - 8615: [[1, 5026, 726, 8615], [1, 49698, 726, 8615], [1, 49698, 12877, 8615]]
1 - 8616: [[1, 14869, 2271, 8616], [1, 17414, 2271, 8616], [1, 19932, 2271, 8616]]
1 - 8617: [[1, 5026, 1206, 8617], [1, 14869, 1206, 8617], [1, 16013, 1206, 8617], [1, 49698, 1206, 8617], [1, 49698, 4939, 8617]]
1 - 8620: [[1, 5026, 1206, 5366, 8620], [1, 5026, 1206, 306, 8620], [1, 14869, 989, 306, 8620], [1, 14869, 1033, 306, 8620], [1, 14869, 1206, 5366, 8620], [1, 14869, 1206, 306, 8620], [1, 14869, 2271, 5366, 8620], [1, 14869, 2271, 306, 8620], [1, 16013, 110, 306, 8620], [1, 16013, 1206, 5366, 8620], [1, 16013, 1206, 306, 8620], [1, 16013, 1276, 306, 8620], [1, 16013, 1614, 306, 8620], [1, 17414, 2271, 5366, 8620], [1, 17414, 2271, 306, 8620], [1, 17414, 2542, 306, 8620], [1, 19932, 110, 306, 8620], [1, 19932, 2271, 5366, 8620], [1, 19932, 2271, 306, 8620], [1, 49698, 110, 306, 8620], [1, 49698, 429, 306, 8620], [1, 49698, 1033, 306, 8620], [1, 49698, 1206, 5366, 8620], [1, 49698, 1206, 306, 8620], [1, 49698, 1276, 306, 8620], [1, 49698, 1288, 5366, 8620], [1, 49698, 1614, 306, 8620], [1, 49698, 2267, 306, 8620], [1, 49698, 2411, 306, 8620], [1, 49698, 2508, 306, 8620], [1, 49698, 2933, 306, 8620], [1, 49698, 5979, 306, 8620], [1, 49698, 38262, 306, 8620]]
1 - 8621: [[1, 16013, 110, 8621], [1, 19932, 110, 8621], [1, 49698, 110, 8621], [1, 49698, 1288, 8621]]
1 - 8624: [[1, 16013, 110, 8624], [1, 16013, 2508, 8624], [1, 19932, 110, 8624], [1, 49698, 110, 8624], [1, 49698, 429, 8624], [1, 49698, 2508, 8624]]
1 - 8625: [[1, 5026, 8625]]
1 - 8626: [[1, 49698, 429, 8626]]
1 - 8627: [[1, 14869, 989, 8627], [1, 16013, 110, 8627], [1, 19932, 110, 8627], [1, 49698, 110, 8627]]
1 - 8628: [[1, 14869, 2271, 8628], [1, 16013, 110, 8628], [1, 17414, 2271, 8628], [1, 19932, 110, 8628], [1, 19932, 2271, 8628], [1, 49698, 110, 8628]]
1 - 8629: [[1, 5026, 1206, 8629], [1, 14869, 1206, 8629], [1, 16013, 110, 8629], [1, 16013, 1206, 8629], [1, 19932, 110, 8629], [1, 49698, 110, 8629], [1, 49698, 1206, 8629]]
1 - 8630: [[1, 16013, 110, 8630], [1, 16013, 2508, 8630], [1, 17414, 2542, 8630], [1, 19932, 110, 8630], [1, 49698, 110, 8630], [1, 49698, 2508, 8630]]
1 - 8632: [[1, 17414, 2542, 8632]]
1 - 8633: [[1, 5026, 1206, 8633], [1, 14869, 1206, 8633], [1, 16013, 1206, 8633], [1, 49698, 1206, 8633]]
1 - 8634: [[1, 14869, 989, 8634]]
1 - 8635: [[1, 49698, 1288, 8635]]
1 - 8636: [[1, 16013, 110, 8636], [1, 19932, 110, 8636], [1, 19932, 26207, 8636], [1, 49698, 110, 8636], [1, 49698, 429, 8636], [1, 49698, 2267, 8636], [1, 49698, 2508, 8636], [1, 49698, 8493, 8636], [1, 62917, 14727, 8636]]
1 - 8637: [[1, 5026, 1822, 8637]]
1 - 8639: [[1, 17414, 2542, 8639]]
1 - 8641: [[1, 16013, 110, 8641], [1, 19932, 110, 8641], [1, 49698, 110, 8641]]
1 - 8642: [[1, 5026, 1206, 8642], [1, 14869, 1206, 8642], [1, 16013, 1206, 8642], [1, 49698, 1206, 8642]]
1 - 8643: [[1, 14869, 1033, 340, 8643], [1, 14869, 2271, 17559, 8643], [1, 14869, 2271, 340, 8643], [1, 16013, 110, 340, 8643], [1, 16013, 110, 17559, 8643], [1, 16013, 1276, 340, 8643], [1, 17414, 2271, 17559, 8643], [1, 17414, 2271, 340, 8643], [1, 19932, 110, 340, 8643], [1, 19932, 110, 17559, 8643], [1, 19932, 2271, 17559, 8643], [1, 19932, 2271, 340, 8643], [1, 49698, 110, 340, 8643], [1, 49698, 110, 17559, 8643], [1, 49698, 1033, 340, 8643], [1, 49698, 1108, 340, 8643], [1, 49698, 1276, 340, 8643], [1, 49698, 2267, 340, 8643], [1, 49698, 2508, 340, 8643], [1, 49698, 2933, 340, 8643], [1, 49698, 25160, 340, 8643]]
1 - 8645: [[1, 5026, 1206, 8645], [1, 14869, 1206, 8645], [1, 16013, 1206, 8645], [1, 49698, 1206, 8645]]
1 - 8646: [[1, 17414, 2542, 8646]]
1 - 8647: [[1, 49698, 1288, 8647]]
1 - 8648: [[1, 17414, 2542, 8648]]
1 - 8649: [[1, 5026, 1206, 8649], [1, 14869, 1206, 8649], [1, 14869, 2271, 8649], [1, 16013, 1206, 8649], [1, 17414, 2271, 8649], [1, 19932, 2271, 8649], [1, 49698, 429, 8649], [1, 49698, 1206, 8649]]
1 - 8650: [[1, 49698, 2267, 8650]]
1 - 8651: [[1, 14869, 1033, 8651], [1, 16013, 2508, 8651], [1, 49698, 1033, 8651], [1, 49698, 2508, 8651]]
1 - 8652: [[1, 16013, 1276, 8652], [1, 49698, 1276, 8652]]
1 - 8655: [[1, 14869, 989, 8655], [1, 49698, 1288, 8655]]
1 - 8656: [[1, 5026, 1206, 8656], [1, 14869, 1206, 8656], [1, 16013, 1206, 8656], [1, 49698, 1206, 8656]]
1 - 8657: [[1, 49698, 350, 8657]]
1 - 8658: [[1, 49698, 1288, 8658]]
1 - 8660: [[1, 5026, 1206, 8587, 6496, 8660], [1, 5026, 1206, 8587, 29020, 8660], [1, 5026, 1206, 123, 6496, 8660], [1, 14869, 989, 123, 6496, 8660], [1, 14869, 1033, 2546, 6496, 8660], [1, 14869, 1033, 123, 6496, 8660], [1, 14869, 1206, 8587, 6496, 8660], [1, 14869, 1206, 8587, 29020, 8660], [1, 14869, 1206, 123, 6496, 8660], [1, 14869, 2271, 123, 6496, 8660], [1, 16013, 110, 123, 6496, 8660], [1, 16013, 1206, 8587, 6496, 8660], [1, 16013, 1206, 8587, 29020, 8660], [1, 16013, 1206, 123, 6496, 8660], [1, 16013, 1276, 123, 6496, 8660], [1, 16013, 1614, 123, 6496, 8660], [1, 16013, 2508, 8587, 6496, 8660], [1, 16013, 2508, 8587, 29020, 8660], [1, 16013, 2508, 65368, 29020, 8660], [1, 16013, 19481, 123, 6496, 8660], [1, 17414, 2271, 123, 6496, 8660], [1, 17414, 2542, 123, 6496, 8660], [1, 19932, 110, 123, 6496, 8660], [1, 19932, 2271, 123, 6496, 8660], [1, 49698, 110, 123, 6496, 8660], [1, 49698, 429, 123, 6496, 8660], [1, 49698, 1033, 2546, 6496, 8660], [1, 49698, 1033, 123, 6496, 8660], [1, 49698, 1206, 8587, 6496, 8660], [1, 49698, 1206, 8587, 29020, 8660], [1, 49698, 1206, 123, 6496, 8660], [1, 49698, 1276, 123, 6496, 8660], [1, 49698, 1288, 123, 6496, 8660], [1, 49698, 1614, 123, 6496, 8660], [1, 49698, 1723, 123, 6496, 8660], [1, 49698, 2267, 2546, 6496, 8660], [1, 49698, 2267, 123, 6496, 8660], [1, 49698, 2411, 123, 6496, 8660], [1, 49698, 2508, 2546, 6496, 8660], [1, 49698, 2508, 8587, 6496, 8660], [1, 49698, 2508, 8587, 29020, 8660], [1, 49698, 2508, 65368, 29020, 8660], [1, 49698, 2508, 123, 6496, 8660], [1, 49698, 2716, 123, 6496, 8660], [1, 49698, 5979, 123, 6496, 8660], [1, 49698, 20201, 2546, 6496, 8660], [1, 49698, 25160, 2546, 6496, 8660], [1, 49698, 38262, 123, 6496, 8660]]
1 - 8661: [[1, 14869, 2271, 8661], [1, 16013, 2508, 8661], [1, 17414, 2271, 8661], [1, 19932, 2271, 8661], [1, 49698, 2508, 8661], [1, 49698, 3052, 8661]]
1 - 8663: [[1, 14869, 2271, 2687, 8663], [1, 16013, 110, 7582, 8663], [1, 17414, 2271, 2687, 8663], [1, 19932, 110, 7582, 8663], [1, 19932, 2271, 2687, 8663], [1, 49698, 110, 7582, 8663], [1, 49698, 429, 7582, 8663]]
1 - 8664: [[1, 16013, 110, 8664], [1, 19932, 110, 8664], [1, 49698, 110, 8664]]
1 - 8665: [[1, 17414, 2542, 8665]]
1 - 8666: [[1, 14869, 2271, 6662, 8666], [1, 14869, 2271, 9881, 8666], [1, 16013, 110, 5264, 8666], [1, 16013, 110, 6662, 8666], [1, 16013, 110, 9881, 8666], [1, 16013, 110, 18970, 8666], [1, 16013, 1276, 5264, 8666], [1, 16013, 1614, 18970, 8666], [1, 17414, 2271, 6662, 8666], [1, 17414, 2271, 9881, 8666], [1, 19932, 110, 5264, 8666], [1, 19932, 110, 6662, 8666], [1, 19932, 110, 9881, 8666], [1, 19932, 110, 18970, 8666], [1, 19932, 2271, 6662, 8666], [1, 19932, 2271, 9881, 8666], [1, 49698, 110, 5264, 8666], [1, 49698, 110, 6662, 8666], [1, 49698, 110, 9881, 8666], [1, 49698, 110, 18970, 8666], [1, 49698, 429, 9881, 8666], [1, 49698, 429, 18970, 8666], [1, 49698, 1276, 5264, 8666], [1, 49698, 1614, 18970, 8666], [1, 49698, 1723, 9881, 8666], [1, 49698, 1723, 18970, 8666], [1, 49698, 2411, 9881, 8666], [1, 49698, 2411, 18970, 8666], [1, 49698, 2508, 9881, 8666], [1, 49698, 2508, 18970, 8666], [1, 49698, 2716, 18970, 8666], [1, 49698, 3530, 18970, 8666], [1, 49698, 25160, 18970, 8666]]
