1 - 14643: [[1, 5026, 1206, 14643], [1, 14869, 989, 14643], [1, 14869, 1206, 14643], [1, 16013, 1206, 14643], [1, 49698, 1206, 14643]]
1 - 14644: [[1, 5026, 1206, 29430, 14644], [1, 14869, 1206, 29430, 14644], [1, 14869, 2271, 29430, 14644], [1, 16013, 110, 29430, 14644], [1, 16013, 1206, 29430, 14644], [1, 17414, 2271, 29430, 14644], [1, 19932, 110, 29430, 14644], [1, 19932, 2271, 29430, 14644], [1, 49698, 110, 29430, 14644], [1, 49698, 1206, 29430, 14644]]
1 - 14645: [[1, 5026, 1206, 4925, 14645], [1, 5026, 1206, 15425, 14645], [1, 14869, 1206, 4925, 14645], [1, 14869, 1206, 15425, 14645], [1, 14869, 2271, 15425, 14645], [1, 14869, 2271, 65191, 14645], [1, 16013, 110, 4925, 14645], [1, 16013, 110, 15425, 14645], [1, 16013, 1206, 4925, 14645], [1, 16013, 1206, 15425, 14645], [1, 17414, 2271, 15425, 14645], [1, 17414, 2271, 65191, 14645], [1, 19932, 110, 4925, 14645], [1, 19932, 110, 15425, 14645], [1, 19932, 2271, 15425, 14645], [1, 19932, 2271, 65191, 14645], [1, 49698, 110, 4925, 14645], [1, 49698, 110, 15425, 14645], [1, 49698, 429, 4925, 14645], [1, 49698, 1206, 4925, 14645], [1, 49698, 1206, 15425, 14645], [1, 49698, 2508, 4925, 14645], [1, 49698, 3530, 4925, 14645], [1, 49698, 6512, 4925, 14645], [1, 49698, 18306, 4925, 14645], [1, 49698, 20201, 4925, 14645]]
1 - 14646: [[1, 5026, 1206, 15385, 14646], [1, 14869, 1206, 15385, 14646], [1, 14869, 2271, 65653, 14646], [1, 16013, 110, 15385, 14646], [1, 16013, 110, 65653, 14646], [1, 16013, 1206, 15385, 14646], [1, 17414, 2271, 65653, 14646], [1, 19932, 110, 15385, 14646], [1, 19932, 110, 65653, 14646], [1, 19932, 2271, 65653, 14646], [1, 49698, 110, 15385, 14646], [1, 49698, 110, 65653, 14646], [1, 49698, 1206, 15385, 14646], [1, 49698, 2508, 15385, 14646]]
1 - 14647: [[1, 5026, 1206, 14647], [1, 14869, 1206, 14647], [1, 16013, 22720, 14647], [1, 16013, 110, 14647], [1, 16013, 1206, 14647], [1, 16013, 1368, 14647], [1, 19932, 110, 14647], [1, 49698, 110, 14647], [1, 49698, 429, 14647], [1, 49698, 1206, 14647], [1, 49698, 2267, 14647], [1, 49698, 2508, 14647], [1, 49698, 3507, 14647], [1, 49698, 3530, 14647], [1, 49698, 6512, 14647], [1, 49698, 22467, 14647], [1, 49698, 22720, 14647], [1, 49698, 27029, 14647]]
1 - 14648: [[1, 16013, 1276, 14648], [1, 16013, 2508, 14648], [1, 49698, 1276, 14648], [1, 49698, 2508, 14648], [1, 49698, 11947, 14648], [1, 49698, 31477, 14648]]
1 - 14649: [[1, 5026, 1206, 14649], [1, 14869, 1206, 14649], [1, 16013, 1206, 14649], [1, 17414, 2542, 14649], [1, 49698, 1206, 14649]]
1 - 14650: [[1, 5026, 6689, 5456, 14650], [1, 5026, 1206, 123, 14650], [1, 14869, 989, 123, 14650], [1, 14869, 1033, 123, 14650], [1, 14869, 1206, 123, 14650], [1, 14869, 2271, 123, 14650], [1, 16013, 110, 123, 14650], [1, 16013, 1206, 123, 14650], [1, 16013, 1276, 123, 14650], [1, 16013, 1614, 123, 14650], [1, 16013, 19481, 123, 14650], [1, 17414, 2271, 123, 14650], [1, 17414, 2542, 123, 14650], [1, 19932, 110, 123, 14650], [1, 19932, 2271, 123, 14650], [1, 49698, 110, 123, 14650], [1, 49698, 429, 123, 14650], [1, 49698, 1033, 123, 14650], [1, 49698, 1206, 123, 14650], [1, 49698, 1276, 123, 14650], [1, 49698, 1288, 123, 14650], [1, 49698, 1614, 123, 14650], [1, 49698, 1723, 123, 14650], [1, 49698, 2267, 123, 14650], [1, 49698, 2411, 123, 14650], [1, 49698, 2508, 123, 14650], [1, 49698, 2716, 123, 14650], [1, 49698, 5979, 123, 14650], [1, 49698, 38262, 123, 14650]]
1 - 14651: [[1, 49698, 12536, 14651]]
1 - 14652: [[1, 5026, 14652]]
1 - 14655: [[1, 5026, 1206, 2869, 14655], [1, 14869, 1206, 2869, 14655], [1, 16013, 110, 2869, 14655], [1, 16013, 1206, 2869, 14655], [1, 16013, 1276, 2869, 14655], [1, 19932, 110, 2869, 14655], [1, 49698, 110, 2869, 14655], [1, 49698, 429, 2869, 14655], [1, 49698, 1206, 2869, 14655], [1, 49698, 1276, 2869, 14655], [1, 49698, 1288, 2869, 14655], [1, 49698, 2267, 2869, 14655], [1, 49698, 2411, 2869, 14655], [1, 49698, 2508, 2869, 14655], [1, 49698, 3139, 2869, 14655], [1, 49698, 5979, 2869, 14655], [1, 49698, 25160, 2869, 14655], [1, 49698, 38262, 2869, 14655]]
1 - 14657: [[1, 5026, 1206, 14657], [1, 14869, 1206, 14657], [1, 16013, 1206, 14657], [1, 49698, 1206, 14657]]
1 - 14658: [[1, 16013, 110, 14658], [1, 19932, 110, 14658], [1, 49698, 110, 14658]]
1 - 14659: [[1, 16013, 110, 14659], [1, 19932, 110, 14659], [1, 49698, 110, 14659]]
1 - 14660: [[1, 5026, 1206, 14660], [1, 14869, 1206, 14660], [1, 16013, 110, 14660], [1, 16013, 1206, 14660], [1, 19932, 110, 14660], [1, 49698, 110, 14660], [1, 49698, 1206, 14660]]
1 - 14661: [[1, 5026, 1206, 14661], [1, 14869, 1206, 14661], [1, 16013, 110, 14661], [1, 16013, 1206, 14661], [1, 17414, 2542, 14661], [1, 19932, 110, 14661], [1, 49698, 110, 14661], [1, 49698, 1206, 14661]]
1 - 14662: [[1, 5026, 1206, 14662], [1, 14869, 1206, 14662], [1, 16013, 110, 14662], [1, 16013, 1206, 14662], [1, 19932, 110, 14662], [1, 49698, 110, 14662], [1, 49698, 1206, 14662], [1, 49698, 3052, 14662]]
1 - 14663: [[1, 5026, 1206, 14663], [1, 14869, 1206, 14663], [1, 14869, 2271, 14663], [1, 16013, 1206, 14663], [1, 17414, 2271, 14663], [1, 19932, 2271, 14663], [1, 49698, 1206, 14663]]
1 - 14666: [[1, 49698, 1288, 14666]]
1 - 14667: [[1, 5026, 64267, 19705, 14667], [1, 5026, 1206, 19705, 14667], [1, 5026, 1206, 29430, 14667], [1, 14869, 1206, 19705, 14667], [1, 14869, 1206, 29430, 14667], [1, 14869, 2271, 29430, 14667], [1, 16013, 110, 19705, 14667], [1, 16013, 110, 29430, 14667], [1, 16013, 1206, 19705, 14667], [1, 16013, 1206, 29430, 14667], [1, 17414, 2271, 29430, 14667], [1, 19932, 110, 19705, 14667], [1, 19932, 110, 29430, 14667], [1, 19932, 2271, 29430, 14667], [1, 49698, 110, 19705, 14667], [1, 49698, 110, 29430, 14667], [1, 49698, 1206, 19705, 14667], [1, 49698, 1206, 29430, 14667], [1, 49698, 2508, 19705, 14667], [1, 49698, 2933, 19705, 14667], [1, 49698, 25160, 19705, 14667]]
1 - 14668: [[1, 5026, 1206, 14668], [1, 14869, 1033, 14668], [1, 14869, 1206, 14668], [1, 16013, 1206, 14668], [1, 49698, 1033, 14668], [1, 49698, 1206, 14668], [1, 49698, 2508, 14668]]
1 - 14669: [[1, 5026, 1206, 14669], [1, 14869, 989, 14669], [1, 14869, 1206, 14669], [1, 16013, 1206, 14669], [1, 17414, 2542, 14669], [1, 49698, 1206, 14669]]
1 - 14670: [[1, 14869, 2271, 14670], [1, 17414, 2271, 14670], [1, 19932, 2271, 14670]]
1 - 14671: [[1, 5026, 1206, 19434, 14671], [1, 14869, 1033, 19434, 14671], [1, 14869, 1206, 19434, 14671], [1, 16013, 110, 18969, 14671], [1, 16013, 110, 19434, 14671], [1, 16013, 1206, 19434, 14671], [1, 16013, 2508, 18969, 14671], [1, 19932, 110, 18969, 14671], [1, 19932, 110, 19434, 14671], [1, 44238, 3828, 18969, 14671], [1, 46814, 3828, 18969, 14671], [1, 49698, 110, 18969, 14671], [1, 49698, 110, 19434, 14671], [1, 49698, 429, 18969, 14671], [1, 49698, 429, 19434, 14671], [1, 49698, 1033, 19434, 14671], [1, 49698, 1206, 19434, 14671], [1, 49698, 1723, 19434, 14671], [1, 49698, 2508, 18969, 14671], [1, 49698, 2508, 19434, 14671], [1, 49698, 3139, 18969, 14671], [1, 49698, 6512, 18969, 14671], [1, 49698, 6512, 19434, 14671], [1, 49698, 20201, 18969, 14671], [1, 49698, 25160, 19434, 14671], [1, 49698, 27029, 18969, 14671]]
1 - 14674: [[1, 5026, 1206, 14674], [1, 14869, 1206, 14674], [1, 14869, 2271, 14674], [1, 16013, 1206, 14674], [1, 17414, 2271, 14674], [1, 19932, 2271, 14674], [1, 49698, 1206, 14674]]
1 - 14676: [[1, 49698, 2267, 14676]]
1 - 14678: [[1, 5026, 1206, 14678], [1, 14869, 1206, 14678], [1, 16013, 1206, 14678], [1, 49698, 1206, 14678]]
1 - 14680: [[1, 5026, 1206, 2219, 14680], [1, 14869, 1206, 2219, 14680], [1, 14869, 2271, 2219, 14680], [1, 16013, 110, 2219, 14680], [1, 16013, 1206, 2219, 14680], [1, 16013, 1276, 2219, 14680], [1, 16013, 1614, 2219, 14680], [1, 16013, 2508, 7575, 14680], [1, 17414, 2271, 2219, 14680], [1, 19932, 110, 2219, 14680], [1, 19932, 2271, 2219, 14680], [1, 49698, 110, 2219, 14680], [1, 49698, 429, 2219, 14680], [1, 49698, 1206, 2219, 14680], [1, 49698, 1276, 2219, 14680], [1, 49698, 1614, 2219, 14680], [1, 49698, 1723, 2219, 14680], [1, 49698, 2267, 2219, 14680], [1, 49698, 2508, 7575, 14680], [1, 49698, 2508, 2219, 14680], [1, 49698, 2933, 2219, 14680], [1, 49698, 3139, 2219, 14680], [1, 49698, 3507, 2219, 14680], [1, 49698, 3530, 2219, 14680], [1, 49698, 20201, 2219, 14680], [1, 49698, 25160, 2219, 14680], [1, 49698, 38262, 2219, 14680]]
1 - 14681: [[1, 5026, 1206, 14681], [1, 14869, 1206, 14681], [1, 16013, 1206, 14681], [1, 49698, 1206, 14681]]
1 - 14682: [[1, 5026, 1206, 1136, 14682], [1, 14869, 989, 1136, 14682], [1, 14869, 1033, 1136, 14682], [1, 14869, 1033, 5483, 14682], [1, 14869, 1033, 5486, 14682], [1, 14869, 1206, 1136, 14682], [1, 14869, 2271, 5486, 14682], [1, 14869, 2271, 1136, 14682], [1, 16013, 110, 1136, 14682], [1, 16013, 110, 5483, 14682], [1, 16013, 110, 5486, 14682], [1, 16013, 1206, 1136, 14682], [1, 16013, 1276, 1136, 14682], [1, 16013, 1614, 1136, 14682], [1, 17414, 2271, 5486, 14682], [1, 17414, 2271, 1136, 14682], [1, 17414, 2542, 5483, 14682], [1, 17414, 2542, 5486, 14682], [1, 17414, 2542, 1136, 14682], [1, 19932, 110, 1136, 14682], [1, 19932, 110, 5483, 14682], [1, 19932, 110, 5486, 14682], [1, 19932, 2271, 5486, 14682], [1, 19932, 2271, 1136, 14682], [1, 44238, 3828, 1136, 14682], [1, 46814, 3828, 1136, 14682], [1, 48458, 5638, 1136, 14682], [1, 49698, 110, 1136, 14682], [1, 49698, 110, 5483, 14682], [1, 49698, 110, 5486, 14682], [1, 49698, 429, 1136, 14682], [1, 49698, 429, 5483, 14682], [1, 49698, 429, 5486, 14682], [1, 49698, 429, 40929, 14682], [1, 49698, 1033, 1136, 14682], [1, 49698, 1033, 5483, 14682], [1, 49698, 1033, 5486, 14682], [1, 49698, 1206, 1136, 14682], [1, 49698, 1276, 1136, 14682], [1, 49698, 1614, 1136, 14682], [1, 49698, 1723, 1136, 14682], [1, 49698, 2267, 1136, 14682], [1, 49698, 2353, 40929, 14682], [1, 49698, 2353, 1136, 14682], [1, 49698, 2411, 1136, 14682], [1, 49698, 2508, 40929, 14682], [1, 49698, 2508, 1136, 14682], [1, 49698, 2716, 1136, 14682], [1, 49698, 2933, 5483, 14682], [1, 49698, 2933, 5486, 14682], [1, 49698, 2933, 1136, 14682], [1, 49698, 3259, 1136, 14682], [1, 49698, 3507, 1136, 14682], [1, 49698, 3530, 40929, 14682], [1, 49698, 3530, 1136, 14682], [1, 49698, 5638, 1136, 14682], [1, 49698, 5979, 1136, 14682], [1, 49698, 20201, 1136, 14682], [1, 49698, 22467, 1136, 14682], [1, 49698, 38262, 1136, 14682]]
1 - 14683: [[1, 17414, 2542, 14683]]
1 - 14684: [[1, 5026, 1206, 4409, 14684], [1, 14869, 1206, 4409, 14684], [1, 16013, 110, 4409, 14684], [1, 16013, 1206, 4409, 14684], [1, 16013, 1276, 13181, 14684], [1, 19932, 110, 4409, 14684], [1, 49698, 110, 4409, 14684], [1, 49698, 429, 4409, 14684], [1, 49698, 429, 13181, 14684], [1, 49698, 1206, 4409, 14684], [1, 49698, 1276, 13181, 14684], [1, 49698, 2267, 4409, 14684], [1, 49698, 2508, 13181, 14684], [1, 49698, 5979, 4409, 14684], [1, 49698, 25160, 13181, 14684]]
1 - 14685: [[1, 5026, 1206, 14685], [1, 14869, 989, 14685], [1, 14869, 1206, 14685], [1, 16013, 1206, 14685], [1, 17414, 2542, 14685], [1, 49698, 1206, 14685], [1, 49698, 1288, 14685]]
1 - 14686: [[1, 17414, 2542, 14686]]
1 - 14687: [[1, 16013, 11083, 14687], [1, 49698, 11083, 14687], [1, 49698, 18306, 14687]]
1 - 14688: [[1, 5026, 1206, 14688], [1, 14869, 1206, 14688], [1, 16013, 1206, 14688], [1, 49698, 1206, 14688]]
1 - 14689: [[1, 5026, 1206, 123, 14689], [1, 14869, 989, 123, 14689], [1, 14869, 1033, 123, 14689], [1, 14869, 1206, 123, 14689], [1, 14869, 2271, 2687, 14689], [1, 14869, 2271, 123, 14689], [1, 16013, 110, 123, 14689], [1, 16013, 1206, 123, 14689], [1, 16013, 1276, 123, 14689], [1, 16013, 1614, 123, 14689], [1, 16013, 19481, 123, 14689], [1, 17414, 2271, 2687, 14689], [1, 17414, 2271, 123, 14689], [1, 17414, 2542, 123, 14689], [1, 19932, 110, 123, 14689], [1, 19932, 2271, 2687, 14689], [1, 19932, 2271, 123, 14689], [1, 49698, 110, 123, 14689], [1, 49698, 429, 123, 14689], [1, 49698, 1033, 123, 14689], [1, 49698, 1206, 123, 14689], [1, 49698, 1276, 123, 14689], [1, 49698, 1288, 123, 14689], [1, 49698, 1614, 123, 14689], [1, 49698, 1723, 123, 14689], [1, 49698, 2267, 123, 14689], [1, 49698, 2411, 123, 14689], [1, 49698, 2508, 123, 14689], [1, 49698, 2716, 123, 14689], [1, 49698, 5979, 123, 14689], [1, 49698, 38262, 123, 14689]]
1 - 14690: [[1, 14869, 1033, 14690], [1, 49698, 1033, 14690], [1, 49698, 1723, 14690], [1, 49698, 2508, 14690], [1, 49698, 3530, 14690], [1, 49698, 20201, 14690]]
1 - 14691: [[1, 16013, 1723, 14691], [1, 49698, 1723, 14691]]
1 - 14692: [[1, 5026, 1206, 420, 14692], [1, 5026, 1206, 943, 14692], [1, 14869, 1033, 2350, 14692], [1, 14869, 1033, 420, 14692], [1, 14869, 1033, 943, 14692], [1, 14869, 1206, 420, 14692], [1, 14869, 1206, 943, 14692], [1, 14869, 2271, 420, 14692], [1, 14869, 2271, 943, 14692], [1, 16013, 110, 420, 14692], [1, 16013, 110, 943, 14692], [1, 16013, 110, 5644, 14692], [1, 16013, 1206, 420, 14692], [1, 16013, 1206, 943, 14692], [1, 16013, 1276, 420, 14692], [1, 16013, 1276, 944, 14692], [1, 16013, 1276, 2350, 14692], [1, 16013, 1276, 943, 14692], [1, 16013, 1368, 943, 14692], [1, 16013, 1614, 420, 14692], [1, 16013, 1723, 944, 14692], [1, 16013, 1723, 2350, 14692], [1, 16013, 11239, 943, 14692], [1, 17414, 2271, 420, 14692], [1, 17414, 2271, 943, 14692], [1, 17414, 2542, 943, 14692], [1, 17414, 2542, 944, 14692], [1, 19932, 110, 420, 14692], [1, 19932, 110, 943, 14692], [1, 19932, 110, 5644, 14692], [1, 19932, 2271, 420, 14692], [1, 19932, 2271, 943, 14692], [1, 19932, 26207, 943, 14692], [1, 19932, 36068, 420, 14692], [1, 44552, 36068, 420, 14692], [1, 48458, 5638, 420, 14692], [1, 48458, 5638, 943, 14692], [1, 49698, 110, 420, 14692], [1, 49698, 110, 943, 14692], [1, 49698, 110, 5644, 14692], [1, 49698, 429, 420, 14692], [1, 49698, 429, 943, 14692], [1, 49698, 429, 944, 14692], [1, 49698, 1033, 2350, 14692], [1, 49698, 1033, 420, 14692], [1, 49698, 1033, 943, 14692], [1, 49698, 1108, 420, 14692], [1, 49698, 1108, 943, 14692], [1, 49698, 1206, 420, 14692], [1, 49698, 1206, 943, 14692], [1, 49698, 1276, 420, 14692], [1, 49698, 1276, 944, 14692], [1, 49698, 1276, 2350, 14692], [1, 49698, 1276, 943, 14692], [1, 49698, 1288, 420, 14692], [1, 49698, 1614, 420, 14692], [1, 49698, 1723, 944, 14692], [1, 49698, 1723, 2350, 14692], [1, 49698, 2267, 420, 14692], [1, 49698, 2267, 943, 14692], [1, 49698, 2267, 944, 14692], [1, 49698, 2411, 420, 14692], [1, 49698, 2411, 943, 14692], [1, 49698, 2508, 420, 14692], [1, 49698, 2508, 943, 14692], [1, 49698, 2508, 944, 14692], [1, 49698, 2508, 2350, 14692], [1, 49698, 2716, 944, 14692], [1, 49698, 2716, 2350, 14692], [1, 49698, 2716, 420, 14692], [1, 49698, 2933, 420, 14692], [1, 49698, 3139, 943, 14692], [1, 49698, 3530, 420, 14692], [1, 49698, 3530, 943, 14692], [1, 49698, 3530, 944, 14692], [1, 49698, 5638, 420, 14692], [1, 49698, 5638, 943, 14692], [1, 49698, 5979, 420, 14692], [1, 49698, 5979, 943, 14692], [1, 49698, 11083, 420, 14692], [1, 49698, 11239, 943, 14692], [1, 49698, 18306, 943, 14692], [1, 49698, 20201, 420, 14692], [1, 49698, 20201, 943, 14692], [1, 49698, 20201, 944, 14692], [1, 49698, 22467, 943, 14692], [1, 49698, 25160, 420, 14692], [1, 49698, 27029, 943, 14692], [1, 49698, 38262, 943, 14692], [1, 49698, 38262, 2350, 14692]]
1 - 14694: [[1, 16013, 110, 14694], [1, 19932, 110, 14694], [1, 49698, 110, 14694]]
1 - 14695: [[1, 14869, 989, 14695]]
1 - 14696: [[1, 5026, 1206, 306, 14696], [1, 14869, 989, 306, 14696], [1, 14869, 1033, 306, 14696], [1, 14869, 1206, 306, 14696], [1, 14869, 2271, 306, 14696], [1, 16013, 110, 306, 14696], [1, 16013, 1206, 306, 14696], [1, 16013, 1276, 306, 14696], [1, 16013, 1614, 306, 14696], [1, 17414, 2271, 306, 14696], [1, 17414, 2542, 306, 14696], [1, 19932, 110, 306, 14696], [1, 19932, 2271, 306, 14696], [1, 49698, 110, 306, 14696], [1, 49698, 429, 306, 14696], [1, 49698, 1033, 306, 14696], [1, 49698, 1206, 306, 14696], [1, 49698, 1276, 306, 14696], [1, 49698, 1614, 306, 14696], [1, 49698, 2267, 306, 14696], [1, 49698, 2411, 306, 14696], [1, 49698, 2508, 306, 14696], [1, 49698, 2933, 306, 14696], [1, 49698, 5979, 306, 14696], [1, 49698, 38262, 306, 14696]]
1 - 14698: [[1, 16013, 110, 14698], [1, 19932, 110, 14698], [1, 49698, 110, 14698]]
1 - 14699: [[1, 49698, 1288, 14699]]
1 - 14700: [[1, 5026, 1206, 14700], [1, 14869, 1206, 14700], [1, 16013, 110, 14700], [1, 16013, 1206, 14700], [1, 16013, 1276, 14700], [1, 19932, 110, 14700], [1, 49698, 110, 14700], [1, 49698, 1206, 14700], [1, 49698, 1276, 14700]]
1 - 14701: [[1, 5026, 1206, 14701], [1, 14869, 1206, 14701], [1, 16013, 1206, 14701], [1, 49698, 1206, 14701]]
1 - 14702: [[1, 5026, 1206, 14702], [1, 14869, 1033, 14702], [1, 14869, 1206, 14702], [1, 16013, 110, 14702], [1, 16013, 1206, 14702], [1, 16013, 2508, 14702], [1, 19932, 110, 14702], [1, 49698, 110, 14702], [1, 49698, 1033, 14702], [1, 49698, 1206, 14702], [1, 49698, 2508, 14702]]
1 - 14704: [[1, 49698, 2508, 14704]]
1 - 14706: [[1, 14869, 2271, 14706], [1, 17414, 2271, 14706], [1, 19932, 2271, 14706]]
1 - 14707: [[1, 5026, 1206, 29430, 14707], [1, 14869, 1206, 29430, 14707], [1, 14869, 2271, 29430, 14707], [1, 16013, 110, 29430, 14707], [1, 16013, 1206, 29430, 14707], [1, 17414, 2271, 29430, 14707], [1, 19932, 110, 29430, 14707], [1, 19932, 2271, 29430, 14707], [1, 49698, 110, 29430, 14707], [1, 49698, 1206, 29430, 14707], [1, 49698, 2267, 5555, 14707]]
1 - 14710: [[1, 17414, 2542, 14710]]
1 - 14711: [[1, 16013, 110, 14711], [1, 16013, 2508, 14711], [1, 19932, 110, 14711], [1, 49698, 110, 14711], [1, 49698, 2508, 14711]]
1 - 14713: [[1, 5026, 1206, 2573, 14713], [1, 14869, 1206, 2573, 14713], [1, 16013, 110, 2573, 14713], [1, 16013, 1206, 2573, 14713], [1, 19932, 110, 2573, 14713], [1, 49698, 110, 2573, 14713], [1, 49698, 1206, 2573, 14713], [1, 49698, 2267, 4548, 14713], [1, 49698, 2508, 2573, 14713]]
1 - 14715: [[1, 49698, 1288, 14715]]
1 - 14716: [[1, 5026, 1206, 14716], [1, 14869, 1206, 14716], [1, 16013, 1206, 14716], [1, 17414, 2542, 14716], [1, 49698, 1206, 14716]]
1 - 14717: [[1, 5026, 1206, 6833, 14717], [1, 14869, 1033, 6833, 14717], [1, 14869, 1206, 6833, 14717], [1, 16013, 110, 6833, 14717], [1, 16013, 1206, 6833, 14717], [1, 19932, 110, 6833, 14717], [1, 49698, 110, 6833, 14717], [1, 49698, 1033, 6833, 14717], [1, 49698, 1206, 6833, 14717], [1, 49698, 2933, 6833, 14717]]
1 - 14718: [[1, 5026, 1206, 14718], [1, 14869, 1206, 14718], [1, 16013, 1206, 14718], [1, 17414, 2542, 14718], [1, 49698, 1206, 14718]]
1 - 14719: [[1, 17414, 2542, 14719]]
1 - 14720: [[1, 5026, 1206, 272, 14720], [1, 14869, 989, 272, 14720], [1, 14869, 1033, 272, 14720], [1, 14869, 1206, 272, 14720], [1, 14869, 2271, 272, 14720], [1, 16013, 110, 272, 14720], [1, 16013, 1206, 272, 14720], [1, 16013, 1276, 272, 14720], [1, 16013, 1614, 272, 14720], [1, 16013, 2508, 7575, 14720], [1, 17414, 2271, 272, 14720], [1, 17414, 2542, 272, 14720], [1, 19932, 110, 272, 14720], [1, 19932, 2271, 272, 14720], [1, 49698, 110, 272, 14720], [1, 49698, 429, 272, 14720], [1, 49698, 1033, 272, 14720], [1, 49698, 1206, 272, 14720], [1, 49698, 1276, 272, 14720], [1, 49698, 1614, 272, 14720], [1, 49698, 2267, 272, 14720], [1, 49698, 2508, 7575, 14720], [1, 49698, 2508, 272, 14720], [1, 49698, 2933, 272, 14720], [1, 49698, 20201, 272, 14720], [1, 49698, 25160, 272, 14720]]
1 - 14722: [[1, 5026, 1206, 17550, 14722], [1, 5026, 1206, 24870, 14722], [1, 14869, 1206, 17550, 14722], [1, 14869, 1206, 24870, 14722], [1, 16013, 110, 24870, 14722], [1, 16013, 1206, 17550, 14722], [1, 16013, 1206, 24870, 14722], [1, 16013, 2508, 17550, 14722], [1, 16013, 2508, 24870, 14722], [1, 19932, 110, 24870, 14722], [1, 49698, 110, 24870, 14722], [1, 49698, 429, 17550, 14722], [1, 49698, 1206, 17550, 14722], [1, 49698, 1206, 24870, 14722], [1, 49698, 2508, 17550, 14722], [1, 49698, 2508, 24870, 14722], [1, 49698, 2933, 17550, 14722]]
1 - 14724: [[1, 5026, 1206, 14724], [1, 14869, 1206, 14724], [1, 16013, 1206, 14724], [1, 17414, 2542, 14724], [1, 49698, 1206, 14724]]
1 - 14725: [[1, 5026, 1206, 14725], [1, 14869, 1206, 14725], [1, 16013, 1206, 14725], [1, 49698, 1206, 14725]]
1 - 14726: [[1, 5026, 1206, 14726], [1, 14869, 1206, 14726], [1, 16013, 1206, 14726], [1, 17414, 2542, 14726], [1, 49698, 1206, 14726]]
1 - 14727: [[1, 62917, 14727]]
1 - 14728: [[1, 5026, 1206, 14728], [1, 14869, 1206, 14728], [1, 16013, 110, 14728], [1, 16013, 1206, 14728], [1, 16013, 1276, 14728], [1, 16013, 1614, 14728], [1, 17414, 2542, 14728], [1, 19932, 110, 14728], [1, 49698, 110, 14728], [1, 49698, 1206, 14728], [1, 49698, 1276, 14728], [1, 49698, 1614, 14728], [1, 49698, 2267, 14728], [1, 49698, 2716, 14728]]
1 - 14729: [[1, 5026, 1374, 14729], [1, 16013, 110, 14729], [1, 19932, 110, 14729], [1, 49698, 110, 14729]]
1 - 14730: [[1, 5026, 1206, 4925, 14730], [1, 5026, 1206, 306, 14730], [1, 14869, 989, 306, 14730], [1, 14869, 1033, 306, 14730], [1, 14869, 1206, 4925, 14730], [1, 14869, 1206, 306, 14730], [1, 14869, 2271, 306, 14730], [1, 16013, 110, 306, 14730], [1, 16013, 110, 4925, 14730], [1, 16013, 1206, 4925, 14730], [1, 16013, 1206, 306, 14730], [1, 16013, 1276, 306, 14730], [1, 16013, 1614, 306, 14730], [1, 17414, 2271, 306, 14730], [1, 17414, 2542, 306, 14730], [1, 19932, 110, 306, 14730], [1, 19932, 110, 4925, 14730], [1, 19932, 2271, 306, 14730], [1, 49698, 110, 306, 14730], [1, 49698, 110, 4925, 14730], [1, 49698, 429, 4925, 14730], [1, 49698, 429, 306, 14730], [1, 49698, 1033, 306, 14730], [1, 49698, 1206, 4925, 14730], [1, 49698, 1206, 306, 14730], [1, 49698, 1276, 306, 14730], [1, 49698, 1614, 306, 14730], [1, 49698, 2267, 306, 14730], [1, 49698, 2411, 306, 14730], [1, 49698, 2508, 4925, 14730], [1, 49698, 2508, 306, 14730], [1, 49698, 2933, 306, 14730], [1, 49698, 3530, 4925, 14730], [1, 49698, 5979, 306, 14730], [1, 49698, 6512, 4925, 14730], [1, 49698, 18306, 4925, 14730], [1, 49698, 20201, 4925, 14730], [1, 49698, 38262, 306, 14730]]
1 - 14731: [[1, 14869, 2271, 14731], [1, 16013, 1276, 14731], [1, 17414, 2271, 14731], [1, 19932, 2271, 14731], [1, 49698, 1276, 14731], [1, 49698, 1288, 14731], [1, 49698, 3052, 14731], [1, 49698, 3720, 14731]]
1 - 14732: [[1, 5026, 1206, 20058, 14732], [1, 5026, 1206, 123, 14732], [1, 14869, 989, 123, 14732], [1, 14869, 1033, 123, 14732], [1, 14869, 1206, 20058, 14732], [1, 14869, 1206, 123, 14732], [1, 14869, 2271, 123, 14732], [1, 16013, 110, 123, 14732], [1, 16013, 1206, 20058, 14732], [1, 16013, 1206, 123, 14732], [1, 16013, 1276, 123, 14732], [1, 16013, 1614, 123, 14732], [1, 16013, 19481, 123, 14732], [1, 17414, 2271, 123, 14732], [1, 17414, 2542, 123, 14732], [1, 19932, 110, 123, 14732], [1, 19932, 2271, 123, 14732], [1, 49698, 110, 123, 14732], [1, 49698, 429, 123, 14732], [1, 49698, 1033, 123, 14732], [1, 49698, 1206, 20058, 14732], [1, 49698, 1206, 123, 14732], [1, 49698, 1276, 123, 14732], [1, 49698, 1288, 123, 14732], [1, 49698, 1614, 123, 14732], [1, 49698, 1723, 123, 14732], [1, 49698, 2267, 123, 14732], [1, 49698, 2411, 123, 14732], [1, 49698, 2508, 123, 14732], [1, 49698, 2716, 123, 14732], [1, 49698, 2933, 20058, 14732], [1, 49698, 5979, 123, 14732], [1, 49698, 38262, 123, 14732]]
1 - 14734: [[1, 16013, 110, 14734], [1, 19932, 110, 14734], [1, 49698, 110, 14734]]
1 - 14735: [[1, 16013, 110, 14735], [1, 16013, 2508, 14735], [1, 19932, 110, 14735], [1, 49698, 110, 14735], [1, 49698, 2508, 14735]]
1 - 14737: [[1, 49698, 2508, 14737]]
1 - 14738: [[1, 16013, 2508, 14738], [1, 49698, 2508, 14738]]
1 - 14739: [[1, 5026, 1206, 10090, 14739], [1, 14869, 1206, 10090, 14739], [1, 14869, 2271, 10090, 14739], [1, 16013, 110, 15643, 14739], [1, 16013, 1206, 10090, 14739], [1, 16013, 2508, 15643, 14739], [1, 17414, 2271, 10090, 14739], [1, 17414, 2542, 10090, 14739], [1, 19932, 110, 15643, 14739], [1, 19932, 2271, 10090, 14739], [1, 49698, 110, 15643, 14739], [1, 49698, 1206, 10090, 14739], [1, 49698, 2508, 15643, 14739]]
1 - 14740: [[1, 19932, 3828, 14740], [1, 44238, 3828, 14740], [1, 46814, 3828, 14740], [1, 49698, 3052, 14740], [1, 49698, 9446, 14740]]
1 - 14741: [[1, 16013, 110, 14741], [1, 19932, 110, 14741], [1, 49698, 110, 14741]]
1 - 14744: [[1, 5026, 1206, 14744], [1, 14869, 1206, 14744], [1, 14869, 2271, 14744], [1, 16013, 110, 14744], [1, 16013, 1206, 14744], [1, 17414, 2271, 14744], [1, 19932, 110, 14744], [1, 19932, 2271, 14744], [1, 49698, 110, 14744], [1, 49698, 1206, 14744]]
1 - 14745: [[1, 49698, 429, 14745]]
1 - 14746: [[1, 5026, 1206, 10820, 14746], [1, 14869, 1206, 10820, 14746], [1, 14869, 2271, 5201, 14746], [1, 16013, 110, 10820, 14746], [1, 16013, 1206, 10820, 14746], [1, 16013, 1276, 10820, 14746], [1, 16013, 1614, 10820, 14746], [1, 16013, 2508, 5201, 14746], [1, 16013, 2508, 10820, 14746], [1, 17414, 2271, 5201, 14746], [1, 19932, 110, 10820, 14746], [1, 19932, 2271, 5201, 14746], [1, 49698, 110, 10820, 14746], [1, 49698, 429, 5201, 14746], [1, 49698, 429, 10820, 14746], [1, 49698, 1206, 10820, 14746], [1, 49698, 1276, 10820, 14746], [1, 49698, 1614, 10820, 14746], [1, 49698, 1723, 5201, 14746], [1, 49698, 1723, 10820, 14746], [1, 49698, 2267, 10820, 14746], [1, 49698, 2508, 5201, 14746], [1, 49698, 2508, 10820, 14746], [1, 49698, 2933, 10820, 14746], [1, 49698, 3530, 5201, 14746], [1, 49698, 3530, 10820, 14746], [1, 49698, 20201, 5201, 14746], [1, 49698, 25160, 10820, 14746]]
1 - 14747: [[1, 17414, 2542, 14747]]
1 - 14749: [[1, 16013, 110, 14749], [1, 16013, 2508, 14749], [1, 19932, 110, 14749], [1, 49698, 110, 14749], [1, 49698, 2508, 14749]]
1 - 14751: [[1, 5026, 1206, 5279, 14751], [1, 14869, 1206, 5279, 14751], [1, 14869, 2271, 5279, 14751], [1, 16013, 110, 12529, 14751], [1, 16013, 1206, 5279, 14751], [1, 17414, 2271, 5279, 14751], [1, 19932, 110, 12529, 14751], [1, 19932, 2271, 5279, 14751], [1, 49698, 110, 12529, 14751], [1, 49698, 1206, 5279, 14751]]
1 - 14752: [[1, 49698, 5124, 14752]]
1 - 14753: [[1, 17414, 2542, 14753], [1, 49698, 1288, 14753]]
1 - 14754: [[1, 17414, 2542, 14754]]
1 - 14755: [[1, 5026, 1206, 14755], [1, 14869, 1206, 14755], [1, 16013, 1206, 14755], [1, 49698, 1206, 14755]]
1 - 14756: [[1, 5026, 19216, 14756]]
1 - 14757: [[1, 5026, 14757]]
1 - 14762: [[1, 14869, 2271, 14762], [1, 17414, 2271, 14762], [1, 19932, 2271, 14762]]
1 - 14763: [[1, 49698, 429, 14763], [1, 49698, 2508, 14763]]
1 - 14764: [[1, 5026, 1206, 14764], [1, 14869, 1033, 14764], [1, 14869, 1206, 14764], [1, 16013, 1206, 14764], [1, 49698, 1033, 14764], [1, 49698, 1206, 14764]]
1 - 14765: [[1, 5026, 1206, 19941, 14765], [1, 5026, 1206, 29430, 14765], [1, 14869, 1206, 19941, 14765], [1, 14869, 1206, 29430, 14765], [1, 14869, 2271, 29430, 14765], [1, 16013, 110, 29430, 14765], [1, 16013, 1206, 19941, 14765], [1, 16013, 1206, 29430, 14765], [1, 17414, 2271, 29430, 14765], [1, 19932, 110, 29430, 14765], [1, 19932, 2271, 29430, 14765], [1, 49698, 110, 29430, 14765], [1, 49698, 1206, 19941, 14765], [1, 49698, 1206, 29430, 14765], [1, 49698, 1288, 19941, 14765], [1, 49698, 2933, 19941, 14765]]
1 - 14766: [[1, 5026, 823, 14766], [1, 49698, 823, 14766]]
1 - 14767: [[1, 5026, 1206, 123, 14767], [1, 14869, 989, 123, 14767], [1, 14869, 1033, 2546, 14767], [1, 14869, 1033, 123, 14767], [1, 14869, 1206, 123, 14767], [1, 14869, 2271, 123, 14767], [1, 16013, 110, 123, 14767], [1, 16013, 1206, 123, 14767], [1, 16013, 1276, 123, 14767], [1, 16013, 1614, 123, 14767], [1, 16013, 19481, 123, 14767], [1, 17414, 2271, 123, 14767], [1, 17414, 2542, 123, 14767], [1, 19932, 110, 123, 14767], [1, 19932, 2271, 123, 14767], [1, 49698, 110, 123, 14767], [1, 49698, 429, 123, 14767], [1, 49698, 1033, 2546, 14767], [1, 49698, 1033, 123, 14767], [1, 49698, 1206, 123, 14767], [1, 49698, 1276, 123, 14767], [1, 49698, 1288, 123, 14767], [1, 49698, 1614, 123, 14767], [1, 49698, 1723, 123, 14767], [1, 49698, 2267, 2546, 14767], [1, 49698, 2267, 123, 14767], [1, 49698, 2411, 123, 14767], [1, 49698, 2508, 2546, 14767], [1, 49698, 2508, 123, 14767], [1, 49698, 2716, 123, 14767], [1, 49698, 5979, 123, 14767], [1, 49698, 20201, 2546, 14767], [1, 49698, 25160, 2546, 14767], [1, 49698, 38262, 123, 14767]]
1 - 14768: [[1, 16013, 110, 14768], [1, 19932, 110, 14768], [1, 49698, 110, 14768]]
1 - 14769: [[1, 5026, 1206, 2219, 14769], [1, 14869, 1033, 340, 14769], [1, 14869, 1206, 2219, 14769], [1, 14869, 2271, 340, 14769], [1, 14869, 2271, 2219, 14769], [1, 16013, 110, 340, 14769], [1, 16013, 110, 2219, 14769], [1, 16013, 1206, 2219, 14769], [1, 16013, 1276, 2219, 14769], [1, 16013, 1276, 340, 14769], [1, 16013, 1614, 2219, 14769], [1, 17414, 2271, 340, 14769], [1, 17414, 2271, 2219, 14769], [1, 19932, 110, 340, 14769], [1, 19932, 110, 2219, 14769], [1, 19932, 2271, 340, 14769], [1, 19932, 2271, 2219, 14769], [1, 49698, 110, 340, 14769], [1, 49698, 110, 2219, 14769], [1, 49698, 429, 2219, 14769], [1, 49698, 1033, 340, 14769], [1, 49698, 1108, 340, 14769], [1, 49698, 1206, 2219, 14769], [1, 49698, 1276, 2219, 14769], [1, 49698, 1276, 340, 14769], [1, 49698, 1614, 2219, 14769], [1, 49698, 1723, 2219, 14769], [1, 49698, 2267, 340, 14769], [1, 49698, 2267, 2219, 14769], [1, 49698, 2508, 340, 14769], [1, 49698, 2508, 2219, 14769], [1, 49698, 2933, 340, 14769], [1, 49698, 2933, 2219, 14769], [1, 49698, 3139, 2219, 14769], [1, 49698, 3507, 2219, 14769], [1, 49698, 3530, 2219, 14769], [1, 49698, 20201, 2219, 14769], [1, 49698, 25160, 340, 14769], [1, 49698, 25160, 2219, 14769], [1, 49698, 38262, 2219, 14769]]
1 - 14770: [[1, 5026, 1206, 306, 14770], [1, 14869, 989, 306, 14770], [1, 14869, 1033, 306, 14770], [1, 14869, 1206, 306, 14770], [1, 14869, 2271, 306, 14770], [1, 16013, 110, 306, 14770], [1, 16013, 1206, 306, 14770], [1, 16013, 1276, 306, 14770], [1, 16013, 1614, 306, 14770], [1, 17414, 2271, 306, 14770], [1, 17414, 2542, 306, 14770], [1, 19932, 110, 306, 14770], [1, 19932, 2271, 306, 14770], [1, 49698, 110, 306, 14770], [1, 49698, 429, 306, 14770], [1, 49698, 1033, 306, 14770], [1, 49698, 1206, 306, 14770], [1, 49698, 1276, 306, 14770], [1, 49698, 1614, 306, 14770], [1, 49698, 2267, 306, 14770], [1, 49698, 2411, 306, 14770], [1, 49698, 2508, 306, 14770], [1, 49698, 2933, 20064, 14770], [1, 49698, 2933, 306, 14770], [1, 49698, 5979, 306, 14770], [1, 49698, 38262, 306, 14770]]
1 - 14771: [[1, 16013, 110, 14771], [1, 19932, 110, 14771], [1, 49698, 110, 14771], [1, 49698, 19149, 14771]]
1 - 14776: [[1, 17414, 2542, 14776]]
1 - 14777: [[1, 5026, 1206, 12628, 14777], [1, 5026, 1206, 123, 14777], [1, 14869, 989, 123, 14777], [1, 14869, 1033, 12628, 14777], [1, 14869, 1033, 123, 14777], [1, 14869, 1206, 12628, 14777], [1, 14869, 1206, 123, 14777], [1, 14869, 2271, 12628, 14777], [1, 14869, 2271, 123, 14777], [1, 16013, 110, 123, 14777], [1, 16013, 1206, 12628, 14777], [1, 16013, 1206, 123, 14777], [1, 16013, 1276, 12628, 14777], [1, 16013, 1276, 123, 14777], [1, 16013, 1614, 123, 14777], [1, 16013, 2508, 12628, 14777], [1, 16013, 19481, 123, 14777], [1, 17414, 2271, 12628, 14777], [1, 17414, 2271, 123, 14777], [1, 17414, 2542, 123, 14777], [1, 19932, 110, 123, 14777], [1, 19932, 2271, 12628, 14777], [1, 19932, 2271, 123, 14777], [1, 49698, 110, 123, 14777], [1, 49698, 429, 123, 14777], [1, 49698, 1033, 12628, 14777], [1, 49698, 1033, 123, 14777], [1, 49698, 1206, 12628, 14777], [1, 49698, 1206, 123, 14777], [1, 49698, 1276, 12628, 14777], [1, 49698, 1276, 123, 14777], [1, 49698, 1288, 12628, 14777], [1, 49698, 1288, 123, 14777], [1, 49698, 1614, 123, 14777], [1, 49698, 1723, 123, 14777], [1, 49698, 2267, 123, 14777], [1, 49698, 2411, 123, 14777], [1, 49698, 2508, 12628, 14777], [1, 49698, 2508, 123, 14777], [1, 49698, 2716, 123, 14777], [1, 49698, 2933, 12628, 14777], [1, 49698, 3139, 12628, 14777], [1, 49698, 5979, 123, 14777], [1, 49698, 20201, 12628, 14777], [1, 49698, 25160, 12628, 14777], [1, 49698, 38262, 123, 14777]]
1 - 14778: [[1, 17414, 2542, 14778]]
1 - 14780: [[1, 5026, 1206, 123, 14780], [1, 5026, 1206, 306, 14780], [1, 14869, 989, 123, 14780], [1, 14869, 989, 306, 14780], [1, 14869, 1033, 123, 14780], [1, 14869, 1033, 306, 14780], [1, 14869, 1206, 123, 14780], [1, 14869, 1206, 306, 14780], [1, 14869, 2271, 123, 14780], [1, 14869, 2271, 306, 14780], [1, 16013, 110, 123, 14780], [1, 16013, 110, 306, 14780], [1, 16013, 1206, 123, 14780], [1, 16013, 1206, 306, 14780], [1, 16013, 1276, 123, 14780], [1, 16013, 1276, 306, 14780], [1, 16013, 1614, 123, 14780], [1, 16013, 1614, 306, 14780], [1, 16013, 19481, 123, 14780], [1, 17414, 2271, 123, 14780], [1, 17414, 2271, 306, 14780], [1, 17414, 2542, 123, 14780], [1, 17414, 2542, 306, 14780], [1, 19932, 110, 123, 14780], [1, 19932, 110, 306, 14780], [1, 19932, 2271, 123, 14780], [1, 19932, 2271, 306, 14780], [1, 49698, 110, 123, 14780], [1, 49698, 110, 306, 14780], [1, 49698, 429, 123, 14780], [1, 49698, 429, 306, 14780], [1, 49698, 1033, 123, 14780], [1, 49698, 1033, 306, 14780], [1, 49698, 1206, 123, 14780], [1, 49698, 1206, 306, 14780], [1, 49698, 1276, 123, 14780], [1, 49698, 1276, 306, 14780], [1, 49698, 1288, 123, 14780], [1, 49698, 1614, 123, 14780], [1, 49698, 1614, 306, 14780], [1, 49698, 1723, 123, 14780], [1, 49698, 2267, 123, 14780], [1, 49698, 2267, 306, 14780], [1, 49698, 2411, 123, 14780], [1, 49698, 2411, 306, 14780], [1, 49698, 2508, 123, 14780], [1, 49698, 2508, 306, 14780], [1, 49698, 2716, 123, 14780], [1, 49698, 2933, 306, 14780], [1, 49698, 5979, 123, 14780], [1, 49698, 5979, 306, 14780], [1, 49698, 38262, 123, 14780], [1, 49698, 38262, 306, 14780]]
1 - 14781: [[1, 16013, 110, 14781], [1, 19932, 110, 14781], [1, 49698, 110, 14781], [1, 49698, 1288, 14781]]
1 - 14782: [[1, 49698, 350, 14782]]
1 - 14783: [[1, 5026, 1206, 14783], [1, 14869, 1033, 14783], [1, 14869, 1206, 14783], [1, 16013, 1206, 14783], [1, 17414, 2542, 14783], [1, 49698, 1033, 14783], [1, 49698, 1206, 14783]]
1 - 14785: [[1, 5026, 1206, 12628, 14785], [1, 5026, 1206, 407, 14785], [1, 14869, 989, 407, 14785], [1, 14869, 1033, 12628, 14785], [1, 14869, 1033, 407, 14785], [1, 14869, 1206, 12628, 14785], [1, 14869, 1206, 407, 14785], [1, 14869, 2271, 12628, 14785], [1, 14869, 2271, 407, 14785], [1, 16013, 110, 407, 14785], [1, 16013, 1206, 12628, 14785], [1, 16013, 1206, 407, 14785], [1, 16013, 1276, 12628, 14785], [1, 16013, 1276, 407, 14785], [1, 16013, 1614, 407, 14785], [1, 16013, 2508, 12628, 14785], [1, 17414, 2271, 12628, 14785], [1, 17414, 2271, 407, 14785], [1, 17414, 2542, 407, 14785], [1, 19932, 110, 407, 14785], [1, 19932, 2271, 12628, 14785], [1, 19932, 2271, 407, 14785], [1, 49698, 110, 407, 14785], [1, 49698, 429, 407, 14785], [1, 49698, 1033, 12628, 14785], [1, 49698, 1033, 407, 14785], [1, 49698, 1206, 12628, 14785], [1, 49698, 1206, 407, 14785], [1, 49698, 1276, 12628, 14785], [1, 49698, 1276, 407, 14785], [1, 49698, 1288, 12628, 14785], [1, 49698, 1288, 407, 14785], [1, 49698, 1614, 407, 14785], [1, 49698, 1723, 407, 14785], [1, 49698, 2267, 407, 14785], [1, 49698, 2411, 407, 14785], [1, 49698, 2508, 12628, 14785], [1, 49698, 2508, 407, 14785], [1, 49698, 2716, 407, 14785], [1, 49698, 2933, 12628, 14785], [1, 49698, 2933, 407, 14785], [1, 49698, 3139, 12628, 14785], [1, 49698, 5979, 407, 14785], [1, 49698, 20201, 12628, 14785], [1, 49698, 25160, 12628, 14785]]
1 - 14786: [[1, 14869, 989, 14786], [1, 16013, 110, 14786], [1, 19932, 110, 14786], [1, 49698, 110, 14786]]
1 - 14788: [[1, 14869, 1033, 14788], [1, 49698, 1033, 14788], [1, 49698, 21858, 14788]]
1 - 14789: [[1, 5026, 1206, 12628, 14789], [1, 14869, 1033, 12628, 14789], [1, 14869, 1206, 12628, 14789], [1, 14869, 2271, 12628, 14789], [1, 16013, 1206, 12628, 14789], [1, 16013, 1276, 12628, 14789], [1, 16013, 2508, 12628, 14789], [1, 17414, 2271, 12628, 14789], [1, 19932, 2271, 12628, 14789], [1, 49698, 1033, 12628, 14789], [1, 49698, 1206, 12628, 14789], [1, 49698, 1276, 12628, 14789], [1, 49698, 1288, 12628, 14789], [1, 49698, 2267, 10740, 14789], [1, 49698, 2508, 12628, 14789], [1, 49698, 2933, 12628, 14789], [1, 49698, 3139, 12628, 14789], [1, 49698, 20201, 12628, 14789], [1, 49698, 25160, 12628, 14789]]
1 - 14791: [[1, 49698, 1288, 14791]]
1 - 14792: [[1, 49698, 1288, 14792]]
1 - 14793: [[1, 5026, 1206, 123, 14793], [1, 14869, 989, 123, 14793], [1, 14869, 1033, 123, 14793], [1, 14869, 1206, 123, 14793], [1, 14869, 2271, 123, 14793], [1, 16013, 110, 123, 14793], [1, 16013, 1206, 123, 14793], [1, 16013, 1276, 123, 14793], [1, 16013, 1614, 123, 14793], [1, 16013, 19481, 123, 14793], [1, 17414, 2271, 123, 14793], [1, 17414, 2542, 123, 14793], [1, 19932, 110, 123, 14793], [1, 19932, 2271, 123, 14793], [1, 49698, 110, 123, 14793], [1, 49698, 429, 123, 14793], [1, 49698, 1033, 123, 14793], [1, 49698, 1206, 123, 14793], [1, 49698, 1276, 123, 14793], [1, 49698, 1288, 123, 14793], [1, 49698, 1614, 123, 14793], [1, 49698, 1723, 123, 14793], [1, 49698, 2267, 123, 14793], [1, 49698, 2411, 123, 14793], [1, 49698, 2508, 123, 14793], [1, 49698, 2716, 123, 14793], [1, 49698, 2933, 20067, 14793], [1, 49698, 5979, 123, 14793], [1, 49698, 38262, 123, 14793]]
1 - 14796: [[1, 5026, 1206, 29430, 14796], [1, 14869, 1033, 6515, 14796], [1, 14869, 1206, 29430, 14796], [1, 14869, 2271, 6515, 14796], [1, 14869, 2271, 29430, 14796], [1, 16013, 110, 6515, 14796], [1, 16013, 110, 29430, 14796], [1, 16013, 1206, 29430, 14796], [1, 17414, 2271, 6515, 14796], [1, 17414, 2271, 29430, 14796], [1, 17414, 2542, 6515, 14796], [1, 19932, 110, 6515, 14796], [1, 19932, 110, 29430, 14796], [1, 19932, 2271, 6515, 14796], [1, 19932, 2271, 29430, 14796], [1, 49698, 110, 6515, 14796], [1, 49698, 110, 29430, 14796], [1, 49698, 429, 6515, 14796], [1, 49698, 1033, 6515, 14796], [1, 49698, 1206, 29430, 14796], [1, 49698, 2933, 6515, 14796]]
1 - 14799: [[1, 5026, 4582, 14799], [1, 14869, 2271, 14799], [1, 17414, 2271, 14799], [1, 19932, 2271, 14799]]
1 - 14801: [[1, 5026, 1206, 2219, 14801], [1, 14869, 1206, 2219, 14801], [1, 14869, 2271, 2219, 14801], [1, 16013, 110, 2219, 14801], [1, 16013, 1206, 2219, 14801], [1, 16013, 1276, 2219, 14801], [1, 16013, 1614, 2219, 14801], [1, 17414, 2271, 2219, 14801], [1, 19932, 110, 2219, 14801], [1, 19932, 2271, 2219, 14801], [1, 49698, 110, 2219, 14801], [1, 49698, 429, 2219, 14801], [1, 49698, 1206, 2219, 14801], [1, 49698, 1276, 2219, 14801], [1, 49698, 1614, 2219, 14801], [1, 49698, 1723, 2219, 14801], [1, 49698, 2267, 2219, 14801], [1, 49698, 2508, 2219, 14801], [1, 49698, 2933, 2219, 14801], [1, 49698, 3139, 2219, 14801], [1, 49698, 3507, 2219, 14801], [1, 49698, 3530, 2219, 14801], [1, 49698, 20201, 2219, 14801], [1, 49698, 25160, 2219, 14801], [1, 49698, 38262, 2219, 14801]]
1 - 14804: [[1, 5026, 1206, 14804], [1, 14869, 1206, 14804], [1, 16013, 1206, 14804], [1, 17414, 2542, 14804], [1, 49698, 1206, 14804]]
1 - 14806: [[1, 16013, 110, 18862, 14806], [1, 19932, 110, 18862, 14806], [1, 49698, 110, 18862, 14806], [1, 49698, 2508, 18862, 14806], [1, 49698, 20201, 18862, 14806]]
1 - 14808: [[1, 5026, 1206, 14808], [1, 14869, 1206, 14808], [1, 14869, 2271, 14808], [1, 16013, 1206, 14808], [1, 17414, 2271, 14808], [1, 17414, 2542, 14808], [1, 19932, 2271, 14808], [1, 49698, 1206, 14808]]
1 - 14809: [[1, 14869, 2271, 14809], [1, 17414, 2271, 14809], [1, 19932, 2271, 14809]]
1 - 14810: [[1, 49698, 350, 14810]]
1 - 14811: [[1, 49698, 1288, 14811], [1, 49698, 2508, 14811]]
1 - 14814: [[1, 5026, 1206, 29430, 14814], [1, 5026, 1206, 123, 14814], [1, 14869, 989, 123, 14814], [1, 14869, 1033, 2546, 14814], [1, 14869, 1033, 123, 14814], [1, 14869, 1206, 29430, 14814], [1, 14869, 1206, 123, 14814], [1, 14869, 2271, 29430, 14814], [1, 14869, 2271, 123, 14814], [1, 16013, 110, 123, 14814], [1, 16013, 110, 29430, 14814], [1, 16013, 1206, 29430, 14814], [1, 16013, 1206, 123, 14814], [1, 16013, 1276, 123, 14814], [1, 16013, 1614, 123, 14814], [1, 16013, 19481, 123, 14814], [1, 17414, 2271, 29430, 14814], [1, 17414, 2271, 123, 14814], [1, 17414, 2542, 123, 14814], [1, 19932, 110, 123, 14814], [1, 19932, 110, 29430, 14814], [1, 19932, 2271, 29430, 14814], [1, 19932, 2271, 123, 14814], [1, 49698, 110, 123, 14814], [1, 49698, 110, 29430, 14814], [1, 49698, 429, 123, 14814], [1, 49698, 1033, 2546, 14814], [1, 49698, 1033, 123, 14814], [1, 49698, 1206, 29430, 14814], [1, 49698, 1206, 123, 14814], [1, 49698, 1276, 123, 14814], [1, 49698, 1288, 123, 14814], [1, 49698, 1614, 123, 14814], [1, 49698, 1723, 123, 14814], [1, 49698, 2267, 2546, 14814], [1, 49698, 2267, 123, 14814], [1, 49698, 2411, 123, 14814], [1, 49698, 2508, 2546, 14814], [1, 49698, 2508, 123, 14814], [1, 49698, 2716, 123, 14814], [1, 49698, 5979, 123, 14814], [1, 49698, 20201, 2546, 14814], [1, 49698, 25160, 2546, 14814], [1, 49698, 38262, 123, 14814]]
1 - 14817: [[1, 49698, 1288, 14817]]
1 - 14818: [[1, 49698, 1288, 14818]]
1 - 14819: [[1, 49698, 1288, 14819]]
1 - 14821: [[1, 5026, 1206, 13052, 14821], [1, 5026, 1206, 29430, 14821], [1, 14869, 1033, 13052, 14821], [1, 14869, 1206, 13052, 14821], [1, 14869, 1206, 29430, 14821], [1, 14869, 2271, 29430, 14821], [1, 16013, 110, 29430, 14821], [1, 16013, 1114, 13052, 14821], [1, 16013, 1206, 13052, 14821], [1, 16013, 1206, 29430, 14821], [1, 16013, 1614, 13052, 14821], [1, 16013, 1723, 13052, 14821], [1, 17414, 2271, 29430, 14821], [1, 19932, 110, 29430, 14821], [1, 19932, 2271, 29430, 14821], [1, 19932, 26207, 13052, 14821], [1, 49698, 110, 29430, 14821], [1, 49698, 1033, 13052, 14821], [1, 49698, 1114, 13052, 14821], [1, 49698, 1206, 13052, 14821], [1, 49698, 1206, 29430, 14821], [1, 49698, 1614, 13052, 14821], [1, 49698, 1723, 13052, 14821], [1, 49698, 2508, 13052, 14821], [1, 49698, 2933, 13052, 14821], [1, 49698, 12314, 13052, 14821], [1, 62917, 14727, 13052, 14821]]
1 - 14822: [[1, 5026, 1206, 14822], [1, 14869, 1206, 14822], [1, 16013, 110, 14822], [1, 16013, 1206, 14822], [1, 19932, 110, 14822], [1, 49698, 110, 14822], [1, 49698, 1206, 14822]]
1 - 14824: [[1, 5026, 1206, 14824], [1, 14869, 989, 14824], [1, 14869, 1206, 14824], [1, 14869, 2271, 14824], [1, 16013, 110, 14824], [1, 16013, 1206, 14824], [1, 17414, 2271, 14824], [1, 17414, 2542, 14824], [1, 19932, 110, 14824], [1, 19932, 2271, 14824], [1, 49698, 110, 14824], [1, 49698, 1206, 14824]]
1 - 14825: [[1, 17414, 2542, 14825]]
1 - 14828: [[1, 5026, 1206, 14828], [1, 14869, 1206, 14828], [1, 16013, 1206, 14828], [1, 49698, 1206, 14828]]
1 - 14829: [[1, 5026, 1206, 14829], [1, 14869, 1033, 14829], [1, 14869, 1206, 14829], [1, 16013, 1206, 14829], [1, 49698, 1033, 14829], [1, 49698, 1206, 14829]]
1 - 14831: [[1, 5026, 1206, 15425, 14831], [1, 14869, 1033, 6515, 14831], [1, 14869, 1206, 15425, 14831], [1, 14869, 2271, 6515, 14831], [1, 14869, 2271, 15425, 14831], [1, 16013, 110, 6515, 14831], [1, 16013, 110, 15425, 14831], [1, 16013, 1206, 15425, 14831], [1, 17414, 2271, 6515, 14831], [1, 17414, 2271, 15425, 14831], [1, 17414, 2542, 6515, 14831], [1, 19932, 110, 6515, 14831], [1, 19932, 110, 15425, 14831], [1, 19932, 2271, 6515, 14831], [1, 19932, 2271, 15425, 14831], [1, 49698, 110, 6515, 14831], [1, 49698, 110, 15425, 14831], [1, 49698, 429, 6515, 14831], [1, 49698, 1033, 6515, 14831], [1, 49698, 1206, 15425, 14831], [1, 49698, 2933, 6515, 14831]]
1 - 14833: [[1, 16013, 2508, 14833], [1, 49698, 2508, 14833]]
1 - 14834: [[1, 5026, 1206, 2007, 14834], [1, 14869, 989, 2007, 14834], [1, 14869, 1033, 2007, 14834], [1, 14869, 1206, 2007, 14834], [1, 14869, 2271, 2007, 14834], [1, 16013, 1206, 2007, 14834], [1, 16013, 1276, 2007, 14834], [1, 17414, 2271, 2007, 14834], [1, 17414, 2542, 2007, 14834], [1, 19932, 2271, 2007, 14834], [1, 49698, 1033, 2007, 14834], [1, 49698, 1206, 2007, 14834], [1, 49698, 1276, 2007, 14834], [1, 49698, 2508, 2007, 14834], [1, 49698, 2933, 2541, 14834]]
1 - 14836: [[1, 5026, 1206, 14836], [1, 14869, 1206, 14836], [1, 14869, 2271, 14836], [1, 16013, 1206, 14836], [1, 17414, 2271, 14836], [1, 19932, 2271, 14836], [1, 49698, 1206, 14836]]
1 - 14837: [[1, 16013, 2508, 14837], [1, 49698, 2508, 14837], [1, 49698, 27029, 14837]]
1 - 14838: [[1, 5026, 1206, 14838], [1, 14869, 1206, 14838], [1, 16013, 1206, 14838], [1, 49698, 1206, 14838]]
1 - 14839: [[1, 16013, 110, 14839], [1, 17414, 2542, 14839], [1, 19932, 110, 14839], [1, 49698, 110, 14839]]
1 - 14840: [[1, 5026, 1206, 14840], [1, 14869, 989, 14840], [1, 14869, 1206, 14840], [1, 16013, 110, 14840], [1, 16013, 1206, 14840], [1, 19932, 110, 14840], [1, 49698, 110, 14840], [1, 49698, 1206, 14840]]
1 - 14841: [[1, 16013, 110, 14841], [1, 16013, 2508, 14841], [1, 19932, 110, 14841], [1, 49698, 110, 14841], [1, 49698, 1723, 14841], [1, 49698, 2508, 14841]]
1 - 14842: [[1, 17414, 2542, 14842]]
1 - 14843: [[1, 17414, 2542, 14843]]
1 - 14845: [[1, 5026, 1206, 8595, 14845], [1, 5026, 1206, 10920, 14845], [1, 14869, 1206, 8595, 14845], [1, 14869, 1206, 10920, 14845], [1, 16013, 1206, 8595, 14845], [1, 16013, 1206, 10920, 14845], [1, 49698, 1206, 8595, 14845], [1, 49698, 1206, 10920, 14845]]
1 - 14846: [[1, 14869, 1033, 6343, 14846], [1, 16013, 110, 6343, 14846], [1, 16013, 2508, 6343, 14846], [1, 19932, 110, 6343, 14846], [1, 49698, 110, 6343, 14846], [1, 49698, 429, 6343, 14846], [1, 49698, 1033, 6343, 14846], [1, 49698, 1723, 6343, 14846], [1, 49698, 2508, 6343, 14846], [1, 49698, 3530, 6343, 14846], [1, 49698, 20201, 6343, 14846]]
1 - 14848: [[1, 5026, 1206, 14848], [1, 14869, 1206, 14848], [1, 16013, 1206, 14848], [1, 49698, 1206, 14848]]
1 - 14849: [[1, 5026, 1206, 4375, 14849], [1, 14869, 1206, 4375, 14849], [1, 14869, 2271, 4375, 14849], [1, 16013, 1206, 4375, 14849], [1, 16013, 1276, 4375, 14849], [1, 16013, 1614, 4375, 14849], [1, 17414, 2271, 4375, 14849], [1, 19932, 2271, 4375, 14849], [1, 19932, 9442, 4375, 14849], [1, 19932, 26207, 4375, 14849], [1, 48458, 5638, 4375, 14849], [1, 49698, 429, 4375, 14849], [1, 49698, 1108, 4375, 14849], [1, 49698, 1206, 4375, 14849], [1, 49698, 1276, 4375, 14849], [1, 49698, 1288, 4375, 14849], [1, 49698, 1614, 4375, 14849], [1, 49698, 1723, 4375, 14849], [1, 49698, 2353, 4375, 14849], [1, 49698, 2411, 4375, 14849], [1, 49698, 2508, 4375, 14849], [1, 49698, 2716, 4375, 14849], [1, 49698, 3530, 4375, 14849], [1, 49698, 5638, 4375, 14849], [1, 49698, 6512, 4375, 14849], [1, 49698, 11083, 4375, 14849], [1, 49698, 18306, 4375, 14849], [1, 49698, 20201, 4375, 14849], [1, 49698, 22467, 4375, 14849], [1, 49698, 38262, 4375, 14849], [1, 62917, 14727, 4375, 14849]]
1 - 14850: [[1, 5026, 1206, 14850], [1, 14869, 1206, 14850], [1, 16013, 1206, 14850], [1, 17414, 2542, 14850], [1, 49698, 1206, 14850]]
1 - 14852: [[1, 14869, 989, 14852], [1, 49698, 2508, 14852], [1, 49698, 4939, 14852]]
1 - 14854: [[1, 5026, 10585, 4724, 14854], [1, 14869, 1033, 4724, 14854], [1, 14869, 2271, 4724, 14854], [1, 16013, 110, 15187, 14854], [1, 16013, 2508, 15187, 14854], [1, 17414, 2271, 4724, 14854], [1, 17414, 2542, 15187, 14854], [1, 19932, 110, 15187, 14854], [1, 19932, 2271, 4724, 14854], [1, 49698, 110, 15187, 14854], [1, 49698, 429, 4724, 14854], [1, 49698, 1033, 4724, 14854], [1, 49698, 1723, 4724, 14854], [1, 49698, 2508, 4724, 14854], [1, 49698, 2508, 15187, 14854], [1, 49698, 2933, 15187, 14854]]
1 - 14855: [[1, 5026, 1206, 20068, 14855], [1, 14869, 1206, 20068, 14855], [1, 14869, 2271, 6517, 14855], [1, 16013, 110, 6517, 14855], [1, 16013, 1206, 20068, 14855], [1, 17414, 2271, 6517, 14855], [1, 19932, 110, 6517, 14855], [1, 19932, 2271, 6517, 14855], [1, 49698, 110, 6517, 14855], [1, 49698, 429, 6517, 14855], [1, 49698, 1206, 20068, 14855], [1, 49698, 1288, 20068, 14855], [1, 49698, 2933, 20068, 14855]]
1 - 14856: [[1, 5026, 1206, 14856], [1, 14869, 1206, 14856], [1, 16013, 1206, 14856], [1, 49698, 429, 14856], [1, 49698, 1206, 14856]]
1 - 14858: [[1, 16013, 2508, 14858], [1, 49698, 2508, 14858]]
1 - 14860: [[1, 5026, 2232, 14860]]
1 - 14863: [[1, 49698, 1288, 14863], [1, 49698, 8493, 14863]]
1 - 14864: [[1, 49698, 429, 9935, 14864], [1, 49698, 1288, 9935, 14864]]
1 - 14865: [[1, 49698, 2508, 14865]]
1 - 14866: [[1, 14869, 2271, 14866], [1, 17414, 2271, 14866], [1, 19932, 2271, 14866]]
1 - 14867: [[1, 16013, 110, 14867], [1, 16013, 2508, 14867], [1, 19932, 110, 14867], [1, 49698, 110, 14867], [1, 49698, 2508, 14867]]
1 - 14869: [[1, 14869]]
1 - 14870: [[1, 5026, 1206, 306, 14870], [1, 14869, 989, 306, 14870], [1, 14869, 1033, 306, 14870], [1, 14869, 1206, 306, 14870], [1, 14869, 2271, 306, 14870], [1, 16013, 110, 306, 14870], [1, 16013, 1206, 306, 14870], [1, 16013, 1276, 306, 14870], [1, 16013, 1614, 306, 14870], [1, 17414, 2271, 306, 14870], [1, 17414, 2542, 306, 14870], [1, 19932, 110, 306, 14870], [1, 19932, 2271, 306, 14870], [1, 49698, 110, 306, 14870], [1, 49698, 429, 306, 14870], [1, 49698, 1033, 306, 14870], [1, 49698, 1206, 306, 14870], [1, 49698, 1276, 306, 14870], [1, 49698, 1614, 306, 14870], [1, 49698, 2267, 306, 14870], [1, 49698, 2411, 306, 14870], [1, 49698, 2508, 306, 14870], [1, 49698, 2933, 306, 14870], [1, 49698, 5979, 306, 14870], [1, 49698, 38262, 306, 14870]]
1 - 14871: [[1, 49698, 1288, 14871], [1, 49698, 8493, 14871]]
1 - 14872: [[1, 5026, 1206, 14872], [1, 14869, 1206, 14872], [1, 16013, 1206, 14872], [1, 49698, 1206, 14872]]
1 - 14873: [[1, 14869, 1033, 14873], [1, 17414, 2542, 14873], [1, 49698, 1033, 14873], [1, 49698, 1288, 14873]]
1 - 14874: [[1, 49698, 1288, 14874]]
1 - 14875: [[1, 16013, 2508, 14875], [1, 49698, 2508, 14875]]
1 - 14876: [[1, 17414, 2542, 14876]]
1 - 14877: [[1, 5026, 823, 7276, 14877], [1, 16013, 110, 7276, 14877], [1, 16013, 110, 15364, 14877], [1, 16013, 2508, 15364, 14877], [1, 19932, 110, 7276, 14877], [1, 19932, 110, 15364, 14877], [1, 49698, 110, 7276, 14877], [1, 49698, 110, 15364, 14877], [1, 49698, 429, 7276, 14877], [1, 49698, 823, 7276, 14877], [1, 49698, 2508, 7276, 14877], [1, 49698, 2508, 15364, 14877]]
1 - 14879: [[1, 49698, 4939, 14879]]
1 - 14880: [[1, 5026, 1206, 14880], [1, 14869, 1206, 14880], [1, 16013, 1206, 14880], [1, 49698, 1206, 14880]]
1 - 14881: [[1, 5026, 1206, 22463, 14881], [1, 14869, 1206, 22463, 14881], [1, 16013, 110, 22463, 14881], [1, 16013, 1206, 22463, 14881], [1, 16013, 1276, 5695, 14881], [1, 16013, 1276, 22463, 14881], [1, 19932, 110, 22463, 14881], [1, 49698, 110, 22463, 14881], [1, 49698, 1206, 22463, 14881], [1, 49698, 1276, 5695, 14881], [1, 49698, 1276, 22463, 14881], [1, 49698, 2267, 5695, 14881], [1, 49698, 2267, 22463, 14881], [1, 49698, 2508, 5695, 14881], [1, 49698, 11083, 5695, 14881], [1, 49698, 20201, 5695, 14881], [1, 49698, 22467, 5695, 14881], [1, 49698, 27029, 5695, 14881]]
1 - 14882: [[1, 17414, 2542, 14882]]
1 - 14883: [[1, 5026, 1206, 123, 14883], [1, 14869, 989, 123, 14883], [1, 14869, 1033, 2546, 14883], [1, 14869, 1033, 123, 14883], [1, 14869, 1206, 123, 14883], [1, 14869, 2271, 123, 14883], [1, 16013, 110, 123, 14883], [1, 16013, 1206, 123, 14883], [1, 16013, 1276, 123, 14883], [1, 16013, 1614, 123, 14883], [1, 16013, 19481, 123, 14883], [1, 17414, 2271, 123, 14883], [1, 17414, 2542, 123, 14883], [1, 19932, 110, 123, 14883], [1, 19932, 2271, 123, 14883], [1, 49698, 110, 123, 14883], [1, 49698, 429, 123, 14883], [1, 49698, 1033, 2546, 14883], [1, 49698, 1033, 123, 14883], [1, 49698, 1206, 123, 14883], [1, 49698, 1276, 123, 14883], [1, 49698, 1288, 123, 14883], [1, 49698, 1614, 123, 14883], [1, 49698, 1723, 123, 14883], [1, 49698, 2267, 2546, 14883], [1, 49698, 2267, 4548, 14883], [1, 49698, 2267, 123, 14883], [1, 49698, 2411, 123, 14883], [1, 49698, 2508, 2546, 14883], [1, 49698, 2508, 123, 14883], [1, 49698, 2716, 123, 14883], [1, 49698, 5979, 123, 14883], [1, 49698, 20201, 2546, 14883], [1, 49698, 25160, 2546, 14883], [1, 49698, 38262, 123, 14883]]
1 - 14884: [[1, 5026, 1206, 14884], [1, 14869, 1033, 14884], [1, 14869, 1206, 14884], [1, 14869, 2271, 14884], [1, 16013, 1206, 14884], [1, 17414, 2271, 14884], [1, 19932, 2271, 14884], [1, 49698, 1033, 14884], [1, 49698, 1206, 14884]]
1 - 14885: [[1, 16013, 110, 14885], [1, 19932, 110, 14885], [1, 49698, 110, 14885]]
1 - 14886: [[1, 5026, 1206, 10820, 14886], [1, 5026, 1206, 12628, 14886], [1, 5026, 1206, 123, 14886], [1, 14869, 989, 123, 14886], [1, 14869, 1033, 12628, 14886], [1, 14869, 1033, 123, 14886], [1, 14869, 1206, 10820, 14886], [1, 14869, 1206, 12628, 14886], [1, 14869, 1206, 123, 14886], [1, 14869, 2271, 12628, 14886], [1, 14869, 2271, 123, 14886], [1, 16013, 110, 123, 14886], [1, 16013, 110, 10820, 14886], [1, 16013, 1206, 10820, 14886], [1, 16013, 1206, 12628, 14886], [1, 16013, 1206, 123, 14886], [1, 16013, 1276, 10820, 14886], [1, 16013, 1276, 12628, 14886], [1, 16013, 1276, 123, 14886], [1, 16013, 1614, 10820, 14886], [1, 16013, 1614, 123, 14886], [1, 16013, 2508, 10820, 14886], [1, 16013, 2508, 12628, 14886], [1, 16013, 19481, 123, 14886], [1, 17414, 2271, 12628, 14886], [1, 17414, 2271, 123, 14886], [1, 17414, 2542, 123, 14886], [1, 19932, 110, 123, 14886], [1, 19932, 110, 10820, 14886], [1, 19932, 2271, 12628, 14886], [1, 19932, 2271, 123, 14886], [1, 49698, 110, 123, 14886], [1, 49698, 110, 10820, 14886], [1, 49698, 429, 10820, 14886], [1, 49698, 429, 123, 14886], [1, 49698, 1033, 12628, 14886], [1, 49698, 1033, 123, 14886], [1, 49698, 1206, 10820, 14886], [1, 49698, 1206, 12628, 14886], [1, 49698, 1206, 123, 14886], [1, 49698, 1276, 10820, 14886], [1, 49698, 1276, 12628, 14886], [1, 49698, 1276, 123, 14886], [1, 49698, 1288, 12628, 14886], [1, 49698, 1288, 123, 14886], [1, 49698, 1614, 10820, 14886], [1, 49698, 1614, 123, 14886], [1, 49698, 1723, 10820, 14886], [1, 49698, 1723, 123, 14886], [1, 49698, 2267, 10820, 14886], [1, 49698, 2267, 123, 14886], [1, 49698, 2411, 123, 14886], [1, 49698, 2508, 10820, 14886], [1, 49698, 2508, 12628, 14886], [1, 49698, 2508, 123, 14886], [1, 49698, 2716, 123, 14886], [1, 49698, 2933, 10820, 14886], [1, 49698, 2933, 12628, 14886], [1, 49698, 3139, 12628, 14886], [1, 49698, 3530, 10820, 14886], [1, 49698, 5979, 123, 14886], [1, 49698, 20201, 12628, 14886], [1, 49698, 25160, 10820, 14886], [1, 49698, 25160, 12628, 14886], [1, 49698, 38262, 123, 14886]]
1 - 14887: [[1, 5026, 1206, 8736, 14887], [1, 5026, 1206, 12092, 14887], [1, 14869, 989, 12092, 14887], [1, 14869, 1033, 8736, 14887], [1, 14869, 1206, 8736, 14887], [1, 14869, 1206, 12092, 14887], [1, 16013, 1206, 8736, 14887], [1, 16013, 1206, 12092, 14887], [1, 16013, 2508, 8736, 14887], [1, 16013, 2508, 12092, 14887], [1, 49698, 1033, 8736, 14887], [1, 49698, 1206, 8736, 14887], [1, 49698, 1206, 12092, 14887], [1, 49698, 2508, 8736, 14887], [1, 49698, 2508, 12092, 14887], [1, 49698, 2933, 8736, 14887]]
1 - 14888: [[1, 5026, 1206, 2219, 14888], [1, 5026, 1206, 272, 14888], [1, 14869, 989, 272, 14888], [1, 14869, 1033, 272, 14888], [1, 14869, 1206, 2219, 14888], [1, 14869, 1206, 272, 14888], [1, 14869, 2271, 272, 14888], [1, 14869, 2271, 2219, 14888], [1, 16013, 110, 272, 14888], [1, 16013, 110, 2219, 14888], [1, 16013, 1206, 2219, 14888], [1, 16013, 1206, 272, 14888], [1, 16013, 1276, 2219, 14888], [1, 16013, 1276, 272, 14888], [1, 16013, 1614, 2219, 14888], [1, 16013, 1614, 272, 14888], [1, 17414, 2271, 272, 14888], [1, 17414, 2271, 2219, 14888], [1, 17414, 2542, 272, 14888], [1, 19932, 110, 272, 14888], [1, 19932, 110, 2219, 14888], [1, 19932, 2271, 272, 14888], [1, 19932, 2271, 2219, 14888], [1, 49698, 110, 272, 14888], [1, 49698, 110, 2219, 14888], [1, 49698, 429, 272, 14888], [1, 49698, 429, 2219, 14888], [1, 49698, 1033, 272, 14888], [1, 49698, 1206, 2219, 14888], [1, 49698, 1206, 272, 14888], [1, 49698, 1276, 2219, 14888], [1, 49698, 1276, 272, 14888], [1, 49698, 1614, 2219, 14888], [1, 49698, 1614, 272, 14888], [1, 49698, 1723, 2219, 14888], [1, 49698, 2267, 272, 14888], [1, 49698, 2267, 2219, 14888], [1, 49698, 2508, 272, 14888], [1, 49698, 2508, 2219, 14888], [1, 49698, 2933, 272, 14888], [1, 49698, 2933, 2219, 14888], [1, 49698, 3139, 2219, 14888], [1, 49698, 3507, 2219, 14888], [1, 49698, 3530, 2219, 14888], [1, 49698, 20201, 272, 14888], [1, 49698, 20201, 2219, 14888], [1, 49698, 25160, 272, 14888], [1, 49698, 25160, 2219, 14888], [1, 49698, 38262, 2219, 14888]]
1 - 14889: [[1, 5026, 1206, 15060, 14889], [1, 5026, 1206, 123, 14889], [1, 14869, 989, 123, 14889], [1, 14869, 1033, 123, 14889], [1, 14869, 1206, 15060, 14889], [1, 14869, 1206, 123, 14889], [1, 14869, 2271, 123, 14889], [1, 16013, 110, 123, 14889], [1, 16013, 110, 15060, 14889], [1, 16013, 1114, 15060, 14889], [1, 16013, 1206, 15060, 14889], [1, 16013, 1206, 123, 14889], [1, 16013, 1276, 123, 14889], [1, 16013, 1614, 123, 14889], [1, 16013, 19481, 123, 14889], [1, 17414, 2271, 123, 14889], [1, 17414, 2542, 123, 14889], [1, 19932, 110, 123, 14889], [1, 19932, 110, 15060, 14889], [1, 19932, 2271, 123, 14889], [1, 49698, 110, 123, 14889], [1, 49698, 110, 15060, 14889], [1, 49698, 429, 15060, 14889], [1, 49698, 429, 123, 14889], [1, 49698, 1033, 123, 14889], [1, 49698, 1114, 15060, 14889], [1, 49698, 1206, 15060, 14889], [1, 49698, 1206, 123, 14889], [1, 49698, 1276, 123, 14889], [1, 49698, 1288, 123, 14889], [1, 49698, 1614, 123, 14889], [1, 49698, 1723, 123, 14889], [1, 49698, 2267, 123, 14889], [1, 49698, 2411, 123, 14889], [1, 49698, 2508, 123, 14889], [1, 49698, 2716, 123, 14889], [1, 49698, 5979, 123, 14889], [1, 49698, 38262, 123, 14889]]
1 - 14890: [[1, 49698, 1288, 14890]]
1 - 14891: [[1, 17414, 2542, 14891], [1, 49698, 1288, 14891]]
1 - 14893: [[1, 5026, 1206, 2684, 14893], [1, 5026, 1206, 29430, 14893], [1, 14869, 1206, 2684, 14893], [1, 14869, 1206, 29430, 14893], [1, 14869, 2271, 29430, 14893], [1, 16013, 110, 29430, 14893], [1, 16013, 1206, 2684, 14893], [1, 16013, 1206, 29430, 14893], [1, 17414, 2271, 29430, 14893], [1, 19932, 110, 29430, 14893], [1, 19932, 2271, 29430, 14893], [1, 49698, 110, 29430, 14893], [1, 49698, 1206, 2684, 14893], [1, 49698, 1206, 29430, 14893], [1, 49698, 2508, 2684, 14893]]
1 - 14894: [[1, 5026, 1206, 10820, 14894], [1, 5026, 1206, 123, 14894], [1, 14869, 989, 123, 14894], [1, 14869, 1033, 123, 14894], [1, 14869, 1206, 10820, 14894], [1, 14869, 1206, 123, 14894], [1, 14869, 2271, 123, 14894], [1, 16013, 110, 123, 14894], [1, 16013, 110, 10820, 14894], [1, 16013, 1206, 10820, 14894], [1, 16013, 1206, 123, 14894], [1, 16013, 1276, 10820, 14894], [1, 16013, 1276, 123, 14894], [1, 16013, 1614, 10820, 14894], [1, 16013, 1614, 123, 14894], [1, 16013, 2508, 10820, 14894], [1, 16013, 19481, 123, 14894], [1, 17414, 2271, 123, 14894], [1, 17414, 2542, 123, 14894], [1, 19932, 110, 123, 14894], [1, 19932, 110, 10820, 14894], [1, 19932, 2271, 123, 14894], [1, 49698, 110, 123, 14894], [1, 49698, 110, 10820, 14894], [1, 49698, 429, 10820, 14894], [1, 49698, 429, 123, 14894], [1, 49698, 1033, 123, 14894], [1, 49698, 1206, 10820, 14894], [1, 49698, 1206, 123, 14894], [1, 49698, 1276, 10820, 14894], [1, 49698, 1276, 123, 14894], [1, 49698, 1288, 123, 14894], [1, 49698, 1614, 10820, 14894], [1, 49698, 1614, 123, 14894], [1, 49698, 1723, 10820, 14894], [1, 49698, 1723, 123, 14894], [1, 49698, 2267, 10820, 14894], [1, 49698, 2267, 123, 14894], [1, 49698, 2411, 123, 14894], [1, 49698, 2508, 10820, 14894], [1, 49698, 2508, 123, 14894], [1, 49698, 2716, 123, 14894], [1, 49698, 2933, 10820, 14894], [1, 49698, 3530, 10820, 14894], [1, 49698, 5979, 123, 14894], [1, 49698, 25160, 10820, 14894], [1, 49698, 38262, 123, 14894]]
1 - 14895: [[1, 17414, 2542, 14895], [1, 49698, 1288, 14895]]
1 - 14896: [[1, 16013, 110, 14896], [1, 19932, 110, 14896], [1, 49698, 110, 14896]]
1 - 14898: [[1, 16013, 2508, 14898], [1, 49698, 2508, 14898]]
1 - 14900: [[1, 5026, 1206, 14900], [1, 14869, 1206, 14900], [1, 14869, 2271, 14900], [1, 16013, 1206, 14900], [1, 17414, 2271, 14900], [1, 19932, 2271, 14900], [1, 49698, 1206, 14900]]
1 - 14901: [[1, 5026, 64267, 19705, 14901], [1, 5026, 1206, 19705, 14901], [1, 5026, 1206, 123, 14901], [1, 14869, 989, 123, 14901], [1, 14869, 1033, 123, 14901], [1, 14869, 1206, 19705, 14901], [1, 14869, 1206, 123, 14901], [1, 14869, 2271, 123, 14901], [1, 16013, 110, 123, 14901], [1, 16013, 110, 19705, 14901], [1, 16013, 1206, 19705, 14901], [1, 16013, 1206, 123, 14901], [1, 16013, 1276, 123, 14901], [1, 16013, 1614, 123, 14901], [1, 16013, 19481, 123, 14901], [1, 17414, 2271, 123, 14901], [1, 17414, 2542, 123, 14901], [1, 19932, 110, 123, 14901], [1, 19932, 110, 19705, 14901], [1, 19932, 2271, 123, 14901], [1, 49698, 110, 123, 14901], [1, 49698, 110, 19705, 14901], [1, 49698, 429, 123, 14901], [1, 49698, 1033, 123, 14901], [1, 49698, 1206, 19705, 14901], [1, 49698, 1206, 123, 14901], [1, 49698, 1276, 123, 14901], [1, 49698, 1288, 123, 14901], [1, 49698, 1614, 123, 14901], [1, 49698, 1723, 123, 14901], [1, 49698, 2267, 123, 14901], [1, 49698, 2411, 123, 14901], [1, 49698, 2508, 19705, 14901], [1, 49698, 2508, 123, 14901], [1, 49698, 2716, 123, 14901], [1, 49698, 2933, 19705, 14901], [1, 49698, 5979, 123, 14901], [1, 49698, 25160, 19705, 14901], [1, 49698, 38262, 123, 14901]]
1 - 14902: [[1, 5026, 1206, 2890, 14902], [1, 5026, 1206, 12628, 14902], [1, 14869, 1033, 2890, 14902], [1, 14869, 1033, 12628, 14902], [1, 14869, 1206, 2890, 14902], [1, 14869, 1206, 12628, 14902], [1, 14869, 2271, 12628, 14902], [1, 16013, 1206, 2890, 14902], [1, 16013, 1206, 12628, 14902], [1, 16013, 1276, 12628, 14902], [1, 16013, 2508, 12628, 14902], [1, 17414, 2271, 12628, 14902], [1, 19932, 2271, 12628, 14902], [1, 49698, 1033, 2890, 14902], [1, 49698, 1033, 12628, 14902], [1, 49698, 1206, 2890, 14902], [1, 49698, 1206, 12628, 14902], [1, 49698, 1276, 12628, 14902], [1, 49698, 1288, 12628, 14902], [1, 49698, 1723, 2890, 14902], [1, 49698, 2508, 2890, 14902], [1, 49698, 2508, 12628, 14902], [1, 49698, 2933, 12628, 14902], [1, 49698, 3139, 2890, 14902], [1, 49698, 3139, 12628, 14902], [1, 49698, 20201, 12628, 14902], [1, 49698, 25160, 2890, 14902], [1, 49698, 25160, 12628, 14902]]
1 - 14903: [[1, 5026, 726, 959, 14903], [1, 49698, 726, 959, 14903]]
1 - 14904: [[1, 14869, 2271, 14904], [1, 17414, 2271, 14904], [1, 19932, 2271, 14904], [1, 49698, 429, 14904]]
1 - 14906: [[1, 5026, 1206, 2573, 14906], [1, 14869, 1206, 2573, 14906], [1, 16013, 110, 2573, 14906], [1, 16013, 1206, 2573, 14906], [1, 19932, 110, 2573, 14906], [1, 49698, 110, 2573, 14906], [1, 49698, 1206, 2573, 14906], [1, 49698, 2508, 2573, 14906], [1, 49698, 2508, 21890, 14906]]
1 - 14907: [[1, 14869, 1033, 14907], [1, 49698, 429, 14907], [1, 49698, 1033, 14907]]
1 - 14909: [[1, 5026, 1206, 14909], [1, 14869, 1206, 14909], [1, 16013, 1206, 14909], [1, 49698, 1206, 14909]]
1 - 14912: [[1, 16013, 110, 14912], [1, 19932, 110, 14912], [1, 49698, 110, 14912]]
1 - 14913: [[1, 5026, 1206, 10820, 14913], [1, 14869, 1206, 10820, 14913], [1, 16013, 110, 10820, 14913], [1, 16013, 1206, 10820, 14913], [1, 16013, 1276, 10820, 14913], [1, 16013, 1614, 10820, 14913], [1, 16013, 2508, 10820, 14913], [1, 19932, 110, 10820, 14913], [1, 49698, 110, 10820, 14913], [1, 49698, 429, 10820, 14913], [1, 49698, 1206, 10820, 14913], [1, 49698, 1276, 10820, 14913], [1, 49698, 1614, 10820, 14913], [1, 49698, 1723, 10820, 14913], [1, 49698, 2267, 10820, 14913], [1, 49698, 2508, 10820, 14913], [1, 49698, 2933, 10820, 14913], [1, 49698, 3530, 10820, 14913], [1, 49698, 25160, 10820, 14913]]
1 - 14914: [[1, 17414, 2542, 14914]]
1 - 14915: [[1, 16013, 1276, 14915], [1, 16013, 1614, 14915], [1, 19932, 3828, 14915], [1, 19932, 36068, 14915], [1, 44238, 3828, 14915], [1, 44552, 36068, 14915], [1, 46814, 3828, 14915], [1, 49698, 1276, 14915], [1, 49698, 1288, 14915], [1, 49698, 1614, 14915], [1, 49698, 2508, 14915]]
1 - 14917: [[1, 5026, 1206, 14917], [1, 14869, 1206, 14917], [1, 16013, 1206, 14917], [1, 49698, 1206, 14917]]
1 - 14919: [[1, 16013, 110, 14919], [1, 19932, 110, 14919], [1, 49698, 110, 14919]]
1 - 14920: [[1, 5026, 1206, 14920], [1, 14869, 989, 14920], [1, 14869, 1206, 14920], [1, 16013, 1206, 14920], [1, 49698, 1206, 14920]]
1 - 14921: [[1, 17414, 2542, 14921]]
1 - 14922: [[1, 5026, 1206, 2027, 14922], [1, 5026, 1206, 123, 14922], [1, 14869, 989, 123, 14922], [1, 14869, 1033, 123, 14922], [1, 14869, 1206, 2027, 14922], [1, 14869, 1206, 123, 14922], [1, 14869, 2271, 2027, 14922], [1, 14869, 2271, 123, 14922], [1, 16013, 110, 123, 14922], [1, 16013, 1206, 2027, 14922], [1, 16013, 1206, 123, 14922], [1, 16013, 1276, 123, 14922], [1, 16013, 1614, 123, 14922], [1, 16013, 19481, 123, 14922], [1, 17414, 2271, 2027, 14922], [1, 17414, 2271, 123, 14922], [1, 17414, 2542, 123, 14922], [1, 19932, 110, 123, 14922], [1, 19932, 2271, 2027, 14922], [1, 19932, 2271, 123, 14922], [1, 49698, 110, 123, 14922], [1, 49698, 429, 123, 14922], [1, 49698, 1033, 123, 14922], [1, 49698, 1206, 2027, 14922], [1, 49698, 1206, 123, 14922], [1, 49698, 1276, 123, 14922], [1, 49698, 1288, 123, 14922], [1, 49698, 1614, 123, 14922], [1, 49698, 1723, 123, 14922], [1, 49698, 2267, 123, 14922], [1, 49698, 2411, 123, 14922], [1, 49698, 2508, 123, 14922], [1, 49698, 2716, 123, 14922], [1, 49698, 5979, 123, 14922], [1, 49698, 38262, 123, 14922]]
1 - 14924: [[1, 14869, 989, 14924]]
1 - 14927: [[1, 49698, 350, 14927], [1, 49698, 2065, 14927]]
1 - 14928: [[1, 44238, 3828, 5139, 14928], [1, 46814, 3828, 5139, 14928], [1, 49698, 2267, 4950, 14928], [1, 49698, 2508, 5139, 14928], [1, 49698, 3139, 5139, 14928], [1, 49698, 20201, 5139, 14928], [1, 49698, 27029, 5139, 14928]]
1 - 14929: [[1, 16013, 110, 14929], [1, 19932, 110, 14929], [1, 49698, 110, 14929]]
1 - 14930: [[1, 16013, 2508, 14930], [1, 49698, 2508, 14930]]
1 - 14931: [[1, 5026, 2294, 15369, 14931], [1, 14869, 2271, 337, 14931], [1, 16013, 110, 337, 14931], [1, 16013, 2508, 337, 14931], [1, 16013, 2508, 15369, 14931], [1, 17414, 2271, 337, 14931], [1, 19932, 110, 337, 14931], [1, 19932, 2271, 337, 14931], [1, 49698, 110, 337, 14931], [1, 49698, 2508, 337, 14931], [1, 49698, 2508, 15369, 14931]]
1 - 14933: [[1, 5026, 1206, 14933], [1, 14869, 1206, 14933], [1, 16013, 110, 14933], [1, 16013, 1206, 14933], [1, 16013, 2508, 14933], [1, 19932, 110, 14933], [1, 49698, 110, 14933], [1, 49698, 1206, 14933], [1, 49698, 2508, 14933]]
1 - 14934: [[1, 49698, 5979, 14934]]
1 - 14935: [[1, 5026, 1206, 14935], [1, 14869, 1206, 14935], [1, 16013, 110, 14935], [1, 16013, 1206, 14935], [1, 17414, 2542, 14935], [1, 19932, 110, 14935], [1, 49698, 110, 14935], [1, 49698, 1206, 14935]]
1 - 14937: [[1, 16013, 110, 14937], [1, 19932, 110, 14937], [1, 49698, 110, 14937]]
1 - 14939: [[1, 5026, 1206, 14939], [1, 14869, 1206, 14939], [1, 16013, 1206, 14939], [1, 49698, 1206, 14939]]
1 - 14940: [[1, 5026, 1206, 2869, 14940], [1, 5026, 1206, 15226, 14940], [1, 14869, 1206, 2869, 14940], [1, 14869, 1206, 15226, 14940], [1, 16013, 110, 2869, 14940], [1, 16013, 1206, 2869, 14940], [1, 16013, 1206, 15226, 14940], [1, 16013, 1276, 2869, 14940], [1, 19932, 110, 2869, 14940], [1, 19932, 26207, 34493, 14940], [1, 49698, 110, 2869, 14940], [1, 49698, 429, 2869, 14940], [1, 49698, 1206, 2869, 14940], [1, 49698, 1206, 15226, 14940], [1, 49698, 1276, 2869, 14940], [1, 49698, 1288, 2869, 14940], [1, 49698, 1288, 15226, 14940], [1, 49698, 2267, 2869, 14940], [1, 49698, 2411, 2869, 14940], [1, 49698, 2411, 15226, 14940], [1, 49698, 2508, 2869, 14940], [1, 49698, 2508, 15226, 14940], [1, 49698, 2508, 34493, 14940], [1, 49698, 3139, 2869, 14940], [1, 49698, 5979, 2869, 14940], [1, 49698, 5979, 34493, 14940], [1, 49698, 8493, 34493, 14940], [1, 49698, 25160, 2869, 14940], [1, 49698, 33677, 34493, 14940], [1, 49698, 38262, 2869, 14940], [1, 62917, 14727, 34493, 14940]]
1 - 14941: [[1, 49698, 1288, 14941]]
1 - 14943: [[1, 49698, 350, 14943]]
1 - 14944: [[1, 14869, 1033, 14944], [1, 16013, 110, 14944], [1, 19932, 110, 14944], [1, 49698, 110, 14944], [1, 49698, 1033, 14944], [1, 49698, 2508, 14944]]
1 - 14945: [[1, 5026, 1206, 14945], [1, 14869, 989, 14945], [1, 14869, 1206, 14945], [1, 16013, 110, 14945], [1, 16013, 1206, 14945], [1, 19932, 110, 14945], [1, 49698, 110, 14945], [1, 49698, 1206, 14945]]
1 - 14946: [[1, 5026, 1206, 14946], [1, 14869, 1206, 14946], [1, 16013, 1206, 14946], [1, 17414, 2542, 14946], [1, 49698, 1206, 14946], [1, 49698, 1288, 14946]]
1 - 14947: [[1, 14869, 2271, 14947], [1, 17414, 2271, 14947], [1, 19932, 2271, 14947]]
1 - 14950: [[1, 5026, 1206, 14950], [1, 14869, 1206, 14950], [1, 16013, 1206, 14950], [1, 17414, 2542, 14950], [1, 49698, 1206, 14950]]
1 - 14951: [[1, 16013, 2508, 14951], [1, 17414, 2542, 14951], [1, 49698, 2508, 14951]]
1 - 14954: [[1, 5026, 1206, 14954], [1, 14869, 1206, 14954], [1, 16013, 1206, 14954], [1, 17414, 2542, 14954], [1, 49698, 1206, 14954]]
1 - 14955: [[1, 49698, 1288, 14955]]
1 - 14956: [[1, 5026, 1206, 14956], [1, 14869, 1206, 14956], [1, 16013, 1206, 14956], [1, 49698, 1206, 14956]]
1 - 14957: [[1, 5026, 1206, 14957], [1, 14869, 1206, 14957], [1, 16013, 1206, 14957], [1, 17414, 2542, 14957], [1, 49698, 1206, 14957]]
1 - 14958: [[1, 17414, 2542, 14958]]
1 - 14959: [[1, 5026, 1206, 14959], [1, 14869, 1206, 14959], [1, 16013, 1206, 14959], [1, 49698, 1206, 14959]]
1 - 14960: [[1, 14869, 1033, 14960], [1, 14869, 2271, 14960], [1, 17414, 2271, 14960], [1, 19932, 2271, 14960], [1, 49698, 1033, 14960]]
1 - 14962: [[1, 5026, 1206, 14962], [1, 14869, 1206, 14962], [1, 16013, 1206, 14962], [1, 17414, 2542, 14962], [1, 49698, 1206, 14962]]
1 - 14963: [[1, 5026, 1206, 14963], [1, 14869, 1206, 14963], [1, 16013, 1206, 14963], [1, 16013, 1723, 14963], [1, 49698, 1206, 14963], [1, 49698, 1288, 14963], [1, 49698, 1723, 14963]]
1 - 14964: [[1, 5026, 1206, 14964], [1, 14869, 1206, 14964], [1, 16013, 110, 14964], [1, 16013, 1206, 14964], [1, 19932, 110, 14964], [1, 49698, 110, 14964], [1, 49698, 1206, 14964]]
1 - 14965: [[1, 16013, 110, 2165, 14965], [1, 16013, 2508, 2165, 14965], [1, 17414, 2542, 274, 14965], [1, 19932, 110, 2165, 14965], [1, 49698, 110, 2165, 14965], [1, 49698, 1723, 2165, 14965], [1, 49698, 2508, 2165, 14965]]
1 - 14967: [[1, 14869, 989, 14967]]
1 - 14969: [[1, 16013, 110, 14969], [1, 16013, 2508, 14969], [1, 19932, 110, 14969], [1, 49698, 110, 14969], [1, 49698, 2508, 14969]]
1 - 14970: [[1, 49698, 1288, 14970]]
1 - 14971: [[1, 5026, 12293, 2218, 14971], [1, 14869, 1033, 2546, 14971], [1, 16013, 110, 2218, 14971], [1, 17414, 2542, 2218, 14971], [1, 19932, 110, 2218, 14971], [1, 49698, 110, 2218, 14971], [1, 49698, 1033, 2546, 14971], [1, 49698, 2267, 2546, 14971], [1, 49698, 2508, 2546, 14971], [1, 49698, 2508, 2218, 14971], [1, 49698, 20201, 2546, 14971], [1, 49698, 25160, 2546, 14971]]
1 - 14972: [[1, 5026, 1206, 19720, 14972], [1, 5026, 1206, 306, 14972], [1, 14869, 989, 306, 14972], [1, 14869, 1033, 306, 14972], [1, 14869, 1206, 19720, 14972], [1, 14869, 1206, 306, 14972], [1, 14869, 2271, 306, 14972], [1, 16013, 110, 306, 14972], [1, 16013, 110, 19720, 14972], [1, 16013, 1206, 19720, 14972], [1, 16013, 1206, 306, 14972], [1, 16013, 1276, 306, 14972], [1, 16013, 1614, 306, 14972], [1, 17414, 2271, 306, 14972], [1, 17414, 2542, 306, 14972], [1, 19932, 110, 306, 14972], [1, 19932, 110, 19720, 14972], [1, 19932, 2271, 306, 14972], [1, 49698, 110, 306, 14972], [1, 49698, 110, 19720, 14972], [1, 49698, 429, 19720, 14972], [1, 49698, 429, 306, 14972], [1, 49698, 1033, 306, 14972], [1, 49698, 1206, 19720, 14972], [1, 49698, 1206, 306, 14972], [1, 49698, 1276, 306, 14972], [1, 49698, 1614, 306, 14972], [1, 49698, 2267, 306, 14972], [1, 49698, 2411, 306, 14972], [1, 49698, 2508, 306, 14972], [1, 49698, 2933, 306, 14972], [1, 49698, 5979, 306, 14972], [1, 49698, 38262, 306, 14972]]
1 - 14973: [[1, 5026, 1206, 2145, 35046, 14973], [1, 5026, 1206, 2910, 4949, 14973], [1, 14869, 1206, 2145, 35046, 14973], [1, 14869, 1206, 2910, 4949, 14973], [1, 14869, 2271, 2145, 35046, 14973], [1, 14869, 2271, 2910, 4949, 14973], [1, 16013, 110, 2145, 35046, 14973], [1, 16013, 110, 2910, 4949, 14973], [1, 16013, 1206, 2145, 35046, 14973], [1, 16013, 1206, 2910, 4949, 14973], [1, 16013, 1276, 2145, 35046, 14973], [1, 16013, 1276, 2910, 4949, 14973], [1, 17414, 2271, 2145, 35046, 14973], [1, 17414, 2271, 2910, 4949, 14973], [1, 19932, 110, 2145, 35046, 14973], [1, 19932, 110, 2910, 4949, 14973], [1, 19932, 2271, 2145, 35046, 14973], [1, 19932, 2271, 2910, 4949, 14973], [1, 49698, 110, 2145, 35046, 14973], [1, 49698, 110, 2910, 4949, 14973], [1, 49698, 429, 2145, 35046, 14973], [1, 49698, 429, 2910, 4949, 14973], [1, 49698, 1206, 2145, 35046, 14973], [1, 49698, 1206, 2910, 4949, 14973], [1, 49698, 1276, 2145, 35046, 14973], [1, 49698, 1276, 2910, 4949, 14973], [1, 49698, 2267, 2910, 4949, 14973], [1, 49698, 2508, 2910, 4949, 14973], [1, 49698, 2508, 2145, 35046, 14973], [1, 49698, 2716, 2910, 4949, 14973], [1, 49698, 2933, 2145, 35046, 14973], [1, 49698, 2933, 2910, 4949, 14973], [1, 49698, 3530, 2145, 35046, 14973], [1, 49698, 5979, 2910, 4949, 14973], [1, 49698, 20201, 2145, 35046, 14973], [1, 49698, 25160, 2145, 35046, 14973]]
1 - 14974: [[1, 5026, 1206, 14974], [1, 14869, 1206, 14974], [1, 16013, 1206, 14974], [1, 49698, 1206, 14974]]
1 - 14975: [[1, 5026, 1206, 2007, 14975], [1, 5026, 1206, 10820, 14975], [1, 14869, 989, 2007, 14975], [1, 14869, 1033, 2007, 14975], [1, 14869, 1206, 2007, 14975], [1, 14869, 1206, 10820, 14975], [1, 14869, 2271, 2007, 14975], [1, 16013, 110, 10820, 14975], [1, 16013, 1206, 2007, 14975], [1, 16013, 1206, 10820, 14975], [1, 16013, 1276, 2007, 14975], [1, 16013, 1276, 10820, 14975], [1, 16013, 1614, 10820, 14975], [1, 16013, 2508, 10820, 14975], [1, 17414, 2271, 2007, 14975], [1, 17414, 2542, 2007, 14975], [1, 19932, 110, 10820, 14975], [1, 19932, 2271, 2007, 14975], [1, 49698, 110, 10820, 14975], [1, 49698, 429, 10820, 14975], [1, 49698, 1033, 2007, 14975], [1, 49698, 1206, 2007, 14975], [1, 49698, 1206, 10820, 14975], [1, 49698, 1276, 2007, 14975], [1, 49698, 1276, 10820, 14975], [1, 49698, 1614, 10820, 14975], [1, 49698, 1723, 10820, 14975], [1, 49698, 2267, 10820, 14975], [1, 49698, 2508, 10820, 14975], [1, 49698, 2508, 2007, 14975], [1, 49698, 2933, 10820, 14975], [1, 49698, 3530, 10820, 14975], [1, 49698, 25160, 10820, 14975]]
1 - 14977: [[1, 5026, 1206, 12628, 14977], [1, 5026, 1206, 12800, 14977], [1, 14869, 1033, 12628, 14977], [1, 14869, 1206, 12628, 14977], [1, 14869, 1206, 12800, 14977], [1, 14869, 2271, 12628, 14977], [1, 16013, 1206, 12628, 14977], [1, 16013, 1206, 12800, 14977], [1, 16013, 1276, 12628, 14977], [1, 16013, 2508, 12628, 14977], [1, 17414, 2271, 12628, 14977], [1, 17414, 2542, 12800, 14977], [1, 19932, 2271, 12628, 14977], [1, 49698, 1033, 12628, 14977], [1, 49698, 1206, 12628, 14977], [1, 49698, 1206, 12800, 14977], [1, 49698, 1276, 12628, 14977], [1, 49698, 1288, 12628, 14977], [1, 49698, 2508, 12628, 14977], [1, 49698, 2933, 12628, 14977], [1, 49698, 3139, 12628, 14977], [1, 49698, 20201, 12628, 14977], [1, 49698, 25160, 12628, 14977]]
1 - 14978: [[1, 49698, 1288, 14978]]
1 - 14979: [[1, 14869, 989, 14979], [1, 14869, 2271, 14979], [1, 17414, 2271, 14979], [1, 19932, 2271, 14979]]
1 - 14981: [[1, 16013, 2508, 14981], [1, 49698, 2508, 14981]]
1 - 14982: [[1, 16013, 110, 14982], [1, 16013, 2508, 14982], [1, 19932, 110, 14982], [1, 49698, 110, 14982], [1, 49698, 2508, 14982]]
1 - 14983: [[1, 49698, 429, 14983], [1, 49698, 13063, 14983]]
1 - 14985: [[1, 5026, 1206, 14985], [1, 14869, 1206, 14985], [1, 16013, 1206, 14985], [1, 49698, 1206, 14985]]
1 - 14986: [[1, 14869, 1033, 14986], [1, 14869, 2271, 14986], [1, 16013, 110, 14986], [1, 16013, 1614, 14986], [1, 16013, 2508, 14986], [1, 17414, 2271, 14986], [1, 19932, 110, 14986], [1, 19932, 2271, 14986], [1, 49698, 110, 14986], [1, 49698, 1033, 14986], [1, 49698, 1614, 14986], [1, 49698, 2508, 14986], [1, 49698, 3202, 14986]]
1 - 14990: [[1, 5026, 1206, 9858, 14990], [1, 5026, 1206, 272, 14990], [1, 14869, 989, 272, 14990], [1, 14869, 1033, 272, 14990], [1, 14869, 1206, 9858, 14990], [1, 14869, 1206, 272, 14990], [1, 14869, 2271, 272, 14990], [1, 16013, 110, 272, 14990], [1, 16013, 1206, 9858, 14990], [1, 16013, 1206, 272, 14990], [1, 16013, 1276, 9858, 14990], [1, 16013, 1276, 272, 14990], [1, 16013, 1614, 272, 14990], [1, 17414, 2271, 272, 14990], [1, 17414, 2542, 272, 14990], [1, 19932, 110, 272, 14990], [1, 19932, 2271, 272, 14990], [1, 19932, 3828, 9858, 14990], [1, 44238, 3828, 9858, 14990], [1, 46814, 3828, 9858, 14990], [1, 49698, 110, 272, 14990], [1, 49698, 429, 272, 14990], [1, 49698, 1033, 272, 14990], [1, 49698, 1206, 9858, 14990], [1, 49698, 1206, 272, 14990], [1, 49698, 1276, 9858, 14990], [1, 49698, 1276, 272, 14990], [1, 49698, 1614, 272, 14990], [1, 49698, 1723, 9858, 14990], [1, 49698, 2267, 272, 14990], [1, 49698, 2267, 9858, 14990], [1, 49698, 2508, 9858, 14990], [1, 49698, 2508, 272, 14990], [1, 49698, 2933, 272, 14990], [1, 49698, 18306, 9858, 14990], [1, 49698, 20201, 272, 14990], [1, 49698, 20201, 9858, 14990], [1, 49698, 22467, 9858, 14990], [1, 49698, 25160, 272, 14990], [1, 49698, 25160, 9858, 14990]]
1 - 14991: [[1, 5026, 1206, 14991], [1, 14869, 1206, 14991], [1, 16013, 1206, 14991], [1, 16013, 1614, 14991], [1, 49698, 1206, 14991], [1, 49698, 1614, 14991], [1, 49698, 1723, 14991], [1, 49698, 2508, 14991]]
1 - 14992: [[1, 5026, 1206, 14992], [1, 14869, 1206, 14992], [1, 16013, 1206, 14992], [1, 17414, 2542, 14992], [1, 49698, 1206, 14992]]
1 - 14993: [[1, 16013, 2508, 14993], [1, 49698, 2508, 14993]]
1 - 14995: [[1, 5026, 1206, 2540, 14995], [1, 5026, 1206, 306, 14995], [1, 14869, 989, 306, 14995], [1, 14869, 1033, 306, 14995], [1, 14869, 1206, 2540, 14995], [1, 14869, 1206, 306, 14995], [1, 14869, 2271, 306, 14995], [1, 16013, 110, 306, 14995], [1, 16013, 1206, 2540, 14995], [1, 16013, 1206, 306, 14995], [1, 16013, 1276, 306, 14995], [1, 16013, 1614, 306, 14995], [1, 17414, 2271, 306, 14995], [1, 17414, 2542, 306, 14995], [1, 19932, 110, 306, 14995], [1, 19932, 2271, 306, 14995], [1, 49698, 110, 306, 14995], [1, 49698, 429, 306, 14995], [1, 49698, 1033, 306, 14995], [1, 49698, 1206, 2540, 14995], [1, 49698, 1206, 306, 14995], [1, 49698, 1276, 306, 14995], [1, 49698, 1614, 306, 14995], [1, 49698, 2267, 306, 14995], [1, 49698, 2411, 306, 14995], [1, 49698, 2508, 306, 14995], [1, 49698, 2933, 2540, 14995], [1, 49698, 2933, 306, 14995], [1, 49698, 5979, 306, 14995], [1, 49698, 38262, 306, 14995]]
1 - 14996: [[1, 16013, 110, 14996], [1, 19932, 110, 14996], [1, 49698, 110, 14996], [1, 49698, 2508, 14996]]
1 - 14998: [[1, 5026, 1206, 14998], [1, 14869, 1206, 14998], [1, 16013, 110, 14998], [1, 16013, 1206, 14998], [1, 16013, 2508, 14998], [1, 19932, 110, 14998], [1, 49698, 110, 14998], [1, 49698, 1206, 14998], [1, 49698, 2508, 14998]]
1 - 15003: [[1, 5026, 1206, 15003], [1, 14869, 1206, 15003], [1, 16013, 1206, 15003], [1, 17414, 2542, 15003], [1, 49698, 1206, 15003]]
1 - 15004: [[1, 19932, 26207, 34163, 15004], [1, 49698, 2508, 34163, 15004], [1, 49698, 5979, 34163, 15004], [1, 49698, 34155, 34163, 15004], [1, 62917, 14727, 34163, 15004]]
1 - 15008: [[1, 5026, 1206, 5374, 15008], [1, 5026, 1206, 10820, 15008], [1, 5026, 1206, 123, 15008], [1, 14869, 989, 123, 15008], [1, 14869, 1033, 123, 15008], [1, 14869, 1206, 5374, 15008], [1, 14869, 1206, 10820, 15008], [1, 14869, 1206, 123, 15008], [1, 14869, 2271, 123, 15008], [1, 16013, 110, 123, 15008], [1, 16013, 110, 5374, 15008], [1, 16013, 110, 10820, 15008], [1, 16013, 1206, 5374, 15008], [1, 16013, 1206, 10820, 15008], [1, 16013, 1206, 123, 15008], [1, 16013, 1276, 10820, 15008], [1, 16013, 1276, 123, 15008], [1, 16013, 1614, 10820, 15008], [1, 16013, 1614, 123, 15008], [1, 16013, 2508, 10820, 15008], [1, 16013, 19481, 123, 15008], [1, 17414, 2271, 123, 15008], [1, 17414, 2542, 123, 15008], [1, 19932, 110, 123, 15008], [1, 19932, 110, 5374, 15008], [1, 19932, 110, 10820, 15008], [1, 19932, 2271, 123, 15008], [1, 49698, 110, 123, 15008], [1, 49698, 110, 5374, 15008], [1, 49698, 110, 10820, 15008], [1, 49698, 429, 10820, 15008], [1, 49698, 429, 123, 15008], [1, 49698, 1033, 123, 15008], [1, 49698, 1206, 5374, 15008], [1, 49698, 1206, 10820, 15008], [1, 49698, 1206, 123, 15008], [1, 49698, 1276, 10820, 15008], [1, 49698, 1276, 123, 15008], [1, 49698, 1288, 5374, 15008], [1, 49698, 1288, 123, 15008], [1, 49698, 1614, 10820, 15008], [1, 49698, 1614, 123, 15008], [1, 49698, 1723, 10820, 15008], [1, 49698, 1723, 123, 15008], [1, 49698, 2267, 10820, 15008], [1, 49698, 2267, 123, 15008], [1, 49698, 2411, 123, 15008], [1, 49698, 2508, 10820, 15008], [1, 49698, 2508, 123, 15008], [1, 49698, 2716, 1293, 15008], [1, 49698, 2716, 123, 15008], [1, 49698, 2933, 10820, 15008], [1, 49698, 3530, 10820, 15008], [1, 49698, 5979, 123, 15008], [1, 49698, 25160, 10820, 15008], [1, 49698, 38262, 123, 15008]]
1 - 15009: [[1, 17414, 2542, 15009]]
1 - 15011: [[1, 17414, 2542, 15011]]
1 - 15012: [[1, 5026, 1206, 12628, 15012], [1, 5026, 1206, 123, 15012], [1, 14869, 989, 123, 15012], [1, 14869, 1033, 12628, 15012], [1, 14869, 1033, 123, 15012], [1, 14869, 1206, 12628, 15012], [1, 14869, 1206, 123, 15012], [1, 14869, 2271, 12628, 15012], [1, 14869, 2271, 123, 15012], [1, 16013, 110, 123, 15012], [1, 16013, 1206, 12628, 15012], [1, 16013, 1206, 123, 15012], [1, 16013, 1276, 12628, 15012], [1, 16013, 1276, 123, 15012], [1, 16013, 1614, 123, 15012], [1, 16013, 2508, 12628, 15012], [1, 16013, 19481, 123, 15012], [1, 17414, 2271, 12628, 15012], [1, 17414, 2271, 123, 15012], [1, 17414, 2542, 123, 15012], [1, 19932, 110, 123, 15012], [1, 19932, 2271, 12628, 15012], [1, 19932, 2271, 123, 15012], [1, 49698, 110, 123, 15012], [1, 49698, 429, 123, 15012], [1, 49698, 1033, 12628, 15012], [1, 49698, 1033, 123, 15012], [1, 49698, 1206, 12628, 15012], [1, 49698, 1206, 123, 15012], [1, 49698, 1276, 12628, 15012], [1, 49698, 1276, 123, 15012], [1, 49698, 1288, 12628, 15012], [1, 49698, 1288, 123, 15012], [1, 49698, 1614, 123, 15012], [1, 49698, 1723, 123, 15012], [1, 49698, 2267, 123, 15012], [1, 49698, 2411, 123, 15012], [1, 49698, 2508, 12628, 15012], [1, 49698, 2508, 123, 15012], [1, 49698, 2716, 123, 15012], [1, 49698, 2933, 12628, 15012], [1, 49698, 3139, 12628, 15012], [1, 49698, 5979, 123, 15012], [1, 49698, 20201, 12628, 15012], [1, 49698, 25160, 12628, 15012], [1, 49698, 38262, 123, 15012]]
1 - 15014: [[1, 5026, 1206, 15014], [1, 14869, 1206, 15014], [1, 16013, 110, 15014], [1, 16013, 1206, 15014], [1, 19932, 110, 15014], [1, 49698, 110, 15014], [1, 49698, 1206, 15014], [1, 49698, 2508, 15014]]
1 - 15015: [[1, 16013, 1276, 15015], [1, 16013, 1614, 15015], [1, 49698, 1276, 15015], [1, 49698, 1614, 15015], [1, 49698, 2508, 15015]]
1 - 15016: [[1, 5026, 1206, 123, 2003, 15016], [1, 5026, 1206, 306, 2003, 15016], [1, 14869, 989, 123, 2003, 15016], [1, 14869, 989, 306, 2003, 15016], [1, 14869, 1033, 123, 2003, 15016], [1, 14869, 1033, 306, 2003, 15016], [1, 14869, 1206, 123, 2003, 15016], [1, 14869, 1206, 306, 2003, 15016], [1, 14869, 2271, 123, 2003, 15016], [1, 14869, 2271, 306, 2003, 15016], [1, 16013, 110, 123, 2003, 15016], [1, 16013, 110, 306, 2003, 15016], [1, 16013, 1206, 123, 2003, 15016], [1, 16013, 1206, 306, 2003, 15016], [1, 16013, 1276, 13181, 2003, 15016], [1, 16013, 1276, 13181, 15915, 15016], [1, 16013, 1276, 123, 2003, 15016], [1, 16013, 1276, 306, 2003, 15016], [1, 16013, 1614, 123, 2003, 15016], [1, 16013, 1614, 306, 2003, 15016], [1, 16013, 19481, 123, 2003, 15016], [1, 17414, 2271, 123, 2003, 15016], [1, 17414, 2271, 306, 2003, 15016], [1, 17414, 2542, 123, 2003, 15016], [1, 17414, 2542, 306, 2003, 15016], [1, 19932, 110, 123, 2003, 15016], [1, 19932, 110, 306, 2003, 15016], [1, 19932, 2271, 123, 2003, 15016], [1, 19932, 2271, 306, 2003, 15016], [1, 49698, 110, 123, 2003, 15016], [1, 49698, 110, 306, 2003, 15016], [1, 49698, 429, 13181, 2003, 15016], [1, 49698, 429, 13181, 15915, 15016], [1, 49698, 429, 123, 2003, 15016], [1, 49698, 429, 306, 2003, 15016], [1, 49698, 1033, 123, 2003, 15016], [1, 49698, 1033, 306, 2003, 15016], [1, 49698, 1206, 123, 2003, 15016], [1, 49698, 1206, 306, 2003, 15016], [1, 49698, 1276, 13181, 2003, 15016], [1, 49698, 1276, 13181, 15915, 15016], [1, 49698, 1276, 123, 2003, 15016], [1, 49698, 1276, 306, 2003, 15016], [1, 49698, 1288, 123, 2003, 15016], [1, 49698, 1614, 123, 2003, 15016], [1, 49698, 1614, 306, 2003, 15016], [1, 49698, 1723, 123, 2003, 15016], [1, 49698, 2267, 123, 2003, 15016], [1, 49698, 2267, 306, 2003, 15016], [1, 49698, 2411, 123, 2003, 15016], [1, 49698, 2411, 306, 2003, 15016], [1, 49698, 2508, 13181, 2003, 15016], [1, 49698, 2508, 13181, 15915, 15016], [1, 49698, 2508, 123, 2003, 15016], [1, 49698, 2508, 306, 2003, 15016], [1, 49698, 2716, 123, 2003, 15016], [1, 49698, 2933, 306, 2003, 15016], [1, 49698, 5979, 123, 2003, 15016], [1, 49698, 5979, 306, 2003, 15016], [1, 49698, 25160, 13181, 2003, 15016], [1, 49698, 25160, 13181, 15915, 15016], [1, 49698, 38262, 123, 2003, 15016], [1, 49698, 38262, 306, 2003, 15016]]
1 - 15020: [[1, 5026, 64267, 19705, 15020], [1, 5026, 1206, 5370, 15020], [1, 5026, 1206, 19705, 15020], [1, 14869, 1206, 5370, 15020], [1, 14869, 1206, 19705, 15020], [1, 16013, 110, 5370, 15020], [1, 16013, 110, 19705, 15020], [1, 16013, 1206, 5370, 15020], [1, 16013, 1206, 19705, 15020], [1, 19932, 110, 5370, 15020], [1, 19932, 110, 19705, 15020], [1, 49698, 110, 5370, 15020], [1, 49698, 110, 19705, 15020], [1, 49698, 429, 5370, 15020], [1, 49698, 1206, 5370, 15020], [1, 49698, 1206, 19705, 15020], [1, 49698, 2508, 19705, 15020], [1, 49698, 2933, 19705, 15020], [1, 49698, 25160, 19705, 15020]]
1 - 15022: [[1, 16013, 2508, 15022], [1, 49698, 2508, 15022]]
1 - 15023: [[1, 17414, 2542, 15023]]
1 - 15024: [[1, 14869, 2271, 15024], [1, 17414, 2271, 15024], [1, 19932, 2271, 15024]]
1 - 15025: [[1, 49698, 15773, 15025]]
1 - 15026: [[1, 5026, 1206, 5406, 15026], [1, 14869, 989, 5406, 15026], [1, 14869, 1033, 2546, 15026], [1, 14869, 1033, 5406, 15026], [1, 14869, 1033, 10092, 15026], [1, 14869, 1206, 5406, 15026], [1, 16013, 110, 17948, 15026], [1, 16013, 1206, 5406, 15026], [1, 16013, 2508, 5406, 15026], [1, 16013, 2508, 17948, 15026], [1, 19932, 110, 17948, 15026], [1, 49698, 110, 17948, 15026], [1, 49698, 429, 5406, 15026], [1, 49698, 429, 10092, 15026], [1, 49698, 1033, 2546, 15026], [1, 49698, 1033, 5406, 15026], [1, 49698, 1033, 10092, 15026], [1, 49698, 1206, 5406, 15026], [1, 49698, 1723, 5406, 15026], [1, 49698, 2267, 2546, 15026], [1, 49698, 2508, 2546, 15026], [1, 49698, 2508, 5406, 15026], [1, 49698, 2508, 17948, 15026], [1, 49698, 2933, 10092, 15026], [1, 49698, 20201, 2546, 15026], [1, 49698, 25160, 2546, 15026]]
1 - 15028: [[1, 17414, 2542, 15028]]
1 - 15031: [[1, 5026, 1206, 306, 15031], [1, 14869, 989, 306, 15031], [1, 14869, 1033, 306, 15031], [1, 14869, 1206, 306, 15031], [1, 14869, 2271, 306, 15031], [1, 16013, 110, 306, 15031], [1, 16013, 1206, 306, 15031], [1, 16013, 1276, 306, 15031], [1, 16013, 1614, 306, 15031], [1, 17414, 2271, 306, 15031], [1, 17414, 2542, 8858, 15031], [1, 17414, 2542, 306, 15031], [1, 19932, 110, 306, 15031], [1, 19932, 2271, 306, 15031], [1, 49698, 110, 306, 15031], [1, 49698, 429, 306, 15031], [1, 49698, 1033, 306, 15031], [1, 49698, 1206, 306, 15031], [1, 49698, 1276, 306, 15031], [1, 49698, 1614, 306, 15031], [1, 49698, 2267, 306, 15031], [1, 49698, 2411, 306, 15031], [1, 49698, 2508, 306, 15031], [1, 49698, 2933, 306, 15031], [1, 49698, 5979, 306, 15031], [1, 49698, 38262, 306, 15031]]
1 - 15032: [[1, 14869, 989, 15032]]
1 - 15034: [[1, 14869, 1033, 15034], [1, 49698, 1033, 15034]]
1 - 15035: [[1, 5026, 1206, 15035], [1, 14869, 1033, 15035], [1, 14869, 1206, 15035], [1, 16013, 1206, 15035], [1, 49698, 1033, 15035], [1, 49698, 1206, 15035]]
1 - 15036: [[1, 5026, 1206, 5442, 15036], [1, 14869, 989, 5442, 15036], [1, 14869, 1033, 5442, 15036], [1, 14869, 1206, 5442, 15036], [1, 16013, 110, 5442, 15036], [1, 16013, 1206, 5442, 15036], [1, 16013, 1276, 5442, 15036], [1, 16013, 2508, 5442, 15036], [1, 19932, 110, 5442, 15036], [1, 49698, 110, 5442, 15036], [1, 49698, 429, 5442, 15036], [1, 49698, 1033, 5442, 15036], [1, 49698, 1206, 5442, 15036], [1, 49698, 1276, 5442, 15036], [1, 49698, 2267, 5442, 15036], [1, 49698, 2508, 5442, 15036], [1, 49698, 25160, 5442, 15036]]
1 - 15037: [[1, 17414, 2542, 15037]]
1 - 15038: [[1, 5026, 1206, 15038], [1, 14869, 1206, 15038], [1, 16013, 110, 15038], [1, 16013, 1206, 15038], [1, 19932, 110, 15038], [1, 49698, 110, 15038], [1, 49698, 1206, 15038]]
1 - 15039: [[1, 5026, 1206, 123, 15039], [1, 5026, 1206, 306, 15039], [1, 14869, 989, 123, 15039], [1, 14869, 989, 306, 15039], [1, 14869, 1033, 123, 15039], [1, 14869, 1033, 306, 15039], [1, 14869, 1206, 123, 15039], [1, 14869, 1206, 306, 15039], [1, 14869, 2271, 123, 15039], [1, 14869, 2271, 306, 15039], [1, 16013, 110, 123, 15039], [1, 16013, 110, 306, 15039], [1, 16013, 1206, 123, 15039], [1, 16013, 1206, 306, 15039], [1, 16013, 1276, 123, 15039], [1, 16013, 1276, 306, 15039], [1, 16013, 1614, 123, 15039], [1, 16013, 1614, 306, 15039], [1, 16013, 19481, 123, 15039], [1, 17414, 2271, 123, 15039], [1, 17414, 2271, 306, 15039], [1, 17414, 2542, 123, 15039], [1, 17414, 2542, 306, 15039], [1, 19932, 110, 123, 15039], [1, 19932, 110, 306, 15039], [1, 19932, 2271, 123, 15039], [1, 19932, 2271, 306, 15039], [1, 49698, 110, 123, 15039], [1, 49698, 110, 306, 15039], [1, 49698, 429, 123, 15039], [1, 49698, 429, 306, 15039], [1, 49698, 1033, 123, 15039], [1, 49698, 1033, 306, 15039], [1, 49698, 1206, 123, 15039], [1, 49698, 1206, 306, 15039], [1, 49698, 1276, 123, 15039], [1, 49698, 1276, 306, 15039], [1, 49698, 1288, 123, 15039], [1, 49698, 1614, 123, 15039], [1, 49698, 1614, 306, 15039], [1, 49698, 1723, 123, 15039], [1, 49698, 2267, 123, 15039], [1, 49698, 2267, 306, 15039], [1, 49698, 2411, 123, 15039], [1, 49698, 2411, 306, 15039], [1, 49698, 2508, 123, 15039], [1, 49698, 2508, 306, 15039], [1, 49698, 2716, 123, 15039], [1, 49698, 2933, 306, 15039], [1, 49698, 5979, 123, 15039], [1, 49698, 5979, 306, 15039], [1, 49698, 38262, 123, 15039], [1, 49698, 38262, 306, 15039]]
1 - 15040: [[1, 5026, 1206, 15040], [1, 14869, 1206, 15040], [1, 14869, 2271, 15040], [1, 16013, 1206, 15040], [1, 16013, 1614, 15040], [1, 17414, 2271, 15040], [1, 17414, 2542, 15040], [1, 19932, 2271, 15040], [1, 49698, 1206, 15040], [1, 49698, 1288, 15040], [1, 49698, 1614, 15040]]
1 - 15043: [[1, 14869, 989, 15043], [1, 14869, 1033, 15043], [1, 14869, 2271, 15043], [1, 16013, 110, 15043], [1, 16013, 2508, 15043], [1, 17414, 2271, 15043], [1, 19932, 110, 15043], [1, 19932, 2271, 15043], [1, 49698, 110, 15043], [1, 49698, 1033, 15043], [1, 49698, 2508, 15043], [1, 49698, 4939, 15043]]
1 - 15044: [[1, 5026, 1206, 15044], [1, 14869, 1206, 15044], [1, 16013, 1206, 15044], [1, 17414, 2542, 15044], [1, 49698, 1206, 15044]]
1 - 15045: [[1, 16013, 110, 15045], [1, 19932, 110, 15045], [1, 49698, 110, 15045]]
1 - 15049: [[1, 5026, 1206, 2219, 15049], [1, 14869, 1206, 2219, 15049], [1, 14869, 2271, 2219, 15049], [1, 16013, 110, 2219, 15049], [1, 16013, 1206, 2219, 15049], [1, 16013, 1276, 2219, 15049], [1, 16013, 1614, 2219, 15049], [1, 17414, 2271, 2219, 15049], [1, 19932, 110, 2219, 15049], [1, 19932, 2271, 2219, 15049], [1, 49698, 110, 2219, 15049], [1, 49698, 429, 2219, 15049], [1, 49698, 1206, 2219, 15049], [1, 49698, 1276, 2219, 15049], [1, 49698, 1614, 2219, 15049], [1, 49698, 1723, 2219, 15049], [1, 49698, 2267, 2219, 15049], [1, 49698, 2508, 2219, 15049], [1, 49698, 2933, 2219, 15049], [1, 49698, 3139, 2219, 15049], [1, 49698, 3507, 2219, 15049], [1, 49698, 3530, 2219, 15049], [1, 49698, 20201, 2219, 15049], [1, 49698, 25160, 2219, 15049], [1, 49698, 38262, 2219, 15049]]
1 - 15050: [[1, 17414, 2542, 15050]]
1 - 15051: [[1, 49698, 7246, 15051]]
1 - 15052: [[1, 5026, 1206, 5442, 15052], [1, 5026, 1206, 20072, 15052], [1, 14869, 989, 5442, 15052], [1, 14869, 1033, 5442, 15052], [1, 14869, 1206, 5442, 15052], [1, 14869, 1206, 20072, 15052], [1, 16013, 110, 5442, 15052], [1, 16013, 110, 15187, 15052], [1, 16013, 110, 41683, 15052], [1, 16013, 1206, 5442, 15052], [1, 16013, 1206, 20072, 15052], [1, 16013, 1276, 5442, 15052], [1, 16013, 2508, 5442, 15052], [1, 16013, 2508, 15187, 15052], [1, 17414, 2542, 15187, 15052], [1, 19932, 110, 5442, 15052], [1, 19932, 110, 15187, 15052], [1, 19932, 110, 41683, 15052], [1, 49698, 110, 5442, 15052], [1, 49698, 110, 15187, 15052], [1, 49698, 110, 41683, 15052], [1, 49698, 429, 5442, 15052], [1, 49698, 1033, 5442, 15052], [1, 49698, 1206, 5442, 15052], [1, 49698, 1206, 20072, 15052], [1, 49698, 1276, 5442, 15052], [1, 49698, 1723, 41683, 15052], [1, 49698, 2267, 5442, 15052], [1, 49698, 2508, 5442, 15052], [1, 49698, 2508, 15187, 15052], [1, 49698, 2508, 41683, 15052], [1, 49698, 2933, 15187, 15052], [1, 49698, 2933, 20072, 15052], [1, 49698, 25160, 5442, 15052]]
1 - 15053: [[1, 5026, 1206, 15053], [1, 14869, 1206, 15053], [1, 16013, 1206, 15053], [1, 49698, 1206, 15053]]
1 - 15054: [[1, 5026, 24660, 15054], [1, 5026, 12293, 15054], [1, 16013, 110, 15054], [1, 19932, 110, 15054], [1, 49698, 110, 15054]]
1 - 15055: [[1, 14869, 1033, 10403, 15055], [1, 16013, 110, 15464, 15055], [1, 16013, 2508, 10403, 15055], [1, 19932, 110, 15464, 15055], [1, 49698, 110, 15464, 15055], [1, 49698, 429, 15464, 15055], [1, 49698, 1033, 10403, 15055], [1, 49698, 2508, 10403, 15055], [1, 49698, 2508, 15464, 15055], [1, 49698, 2716, 2855, 15055], [1, 49698, 4939, 15464, 15055]]
1 - 15057: [[1, 5026, 1206, 15057], [1, 14869, 1206, 15057], [1, 16013, 1206, 15057], [1, 49698, 1206, 15057]]
1 - 15058: [[1, 5026, 1206, 12628, 15058], [1, 5026, 1206, 123, 15058], [1, 14869, 989, 123, 15058], [1, 14869, 1033, 12628, 15058], [1, 14869, 1033, 123, 15058], [1, 14869, 1206, 12628, 15058], [1, 14869, 1206, 123, 15058], [1, 14869, 2271, 12628, 15058], [1, 14869, 2271, 123, 15058], [1, 16013, 110, 123, 15058], [1, 16013, 1206, 12628, 15058], [1, 16013, 1206, 123, 15058], [1, 16013, 1276, 12628, 15058], [1, 16013, 1276, 123, 15058], [1, 16013, 1614, 123, 15058], [1, 16013, 2508, 12628, 15058], [1, 16013, 19481, 123, 15058], [1, 17414, 2271, 12628, 15058], [1, 17414, 2271, 123, 15058], [1, 17414, 2542, 123, 15058], [1, 19932, 110, 123, 15058], [1, 19932, 2271, 12628, 15058], [1, 19932, 2271, 123, 15058], [1, 49698, 110, 123, 15058], [1, 49698, 429, 123, 15058], [1, 49698, 1033, 12628, 15058], [1, 49698, 1033, 123, 15058], [1, 49698, 1206, 12628, 15058], [1, 49698, 1206, 123, 15058], [1, 49698, 1276, 12628, 15058], [1, 49698, 1276, 123, 15058], [1, 49698, 1288, 12628, 15058], [1, 49698, 1288, 123, 15058], [1, 49698, 1614, 123, 15058], [1, 49698, 1723, 123, 15058], [1, 49698, 2267, 123, 15058], [1, 49698, 2411, 123, 15058], [1, 49698, 2508, 12628, 15058], [1, 49698, 2508, 123, 15058], [1, 49698, 2716, 123, 15058], [1, 49698, 2933, 12628, 15058], [1, 49698, 3139, 12628, 15058], [1, 49698, 5979, 123, 15058], [1, 49698, 20201, 12628, 15058], [1, 49698, 25160, 12628, 15058], [1, 49698, 38262, 123, 15058]]
1 - 15060: [[1, 5026, 1206, 15060], [1, 14869, 1206, 15060], [1, 16013, 110, 15060], [1, 16013, 1114, 15060], [1, 16013, 1206, 15060], [1, 19932, 110, 15060], [1, 49698, 110, 15060], [1, 49698, 429, 15060], [1, 49698, 1114, 15060], [1, 49698, 1206, 15060]]
1 - 15061: [[1, 5026, 1206, 15061], [1, 14869, 1206, 15061], [1, 16013, 1206, 15061], [1, 49698, 1206, 15061]]
1 - 15064: [[1, 17414, 2542, 15064], [1, 49698, 5855, 15064]]
1 - 15065: [[1, 14869, 2271, 15065], [1, 17414, 2271, 15065], [1, 19932, 2271, 15065]]
1 - 15067: [[1, 5026, 449, 15067]]
1 - 15070: [[1, 49698, 1288, 15070]]
1 - 15072: [[1, 17414, 2542, 15072], [1, 49698, 3052, 15072]]
1 - 15075: [[1, 14869, 989, 41466, 15075], [1, 16013, 110, 41466, 15075], [1, 16013, 2508, 41466, 15075], [1, 19932, 110, 41466, 15075], [1, 49698, 110, 41466, 15075], [1, 49698, 2508, 41466, 15075]]
1 - 15076: [[1, 49698, 1288, 15076]]
1 - 15078: [[1, 5026, 1206, 15078], [1, 14869, 1206, 15078], [1, 16013, 1206, 15078], [1, 17414, 2542, 15078], [1, 49698, 1206, 15078]]
1 - 15079: [[1, 5026, 1206, 15079], [1, 14869, 1206, 15079], [1, 14869, 2271, 15079], [1, 16013, 110, 15079], [1, 16013, 1206, 15079], [1, 17414, 2271, 15079], [1, 19932, 110, 15079], [1, 19932, 2271, 15079], [1, 49698, 110, 15079], [1, 49698, 1206, 15079]]
