1 - 864: [[1, 5026, 4582, 864], [1, 5026, 1206, 864], [1, 14869, 1206, 864], [1, 14869, 2271, 864], [1, 16013, 1206, 864], [1, 17414, 2271, 864], [1, 17414, 2542, 864], [1, 19932, 2271, 864], [1, 49698, 1206, 864]]
1 - 865: [[1, 5026, 865]]
1 - 866: [[1, 16013, 1368, 866], [1, 49698, 3052, 866]]
1 - 868: [[1, 49698, 1288, 868]]
1 - 870: [[1, 14869, 2271, 870], [1, 16013, 110, 870], [1, 17414, 2271, 870], [1, 19932, 110, 870], [1, 19932, 2271, 870], [1, 49698, 110, 870], [1, 49698, 2508, 870], [1, 49698, 6907, 870]]
1 - 873: [[1, 16013, 110, 18970, 873], [1, 16013, 1614, 18970, 873], [1, 19932, 110, 18970, 873], [1, 49698, 110, 18970, 873], [1, 49698, 429, 18970, 873], [1, 49698, 1614, 18970, 873], [1, 49698, 1723, 18970, 873], [1, 49698, 2411, 18970, 873], [1, 49698, 2508, 18970, 873], [1, 49698, 2716, 18970, 873], [1, 49698, 3530, 18970, 873], [1, 49698, 25160, 18970, 873]]
1 - 874: [[1, 5026, 10585, 874], [1, 5026, 1206, 874], [1, 14869, 1206, 874], [1, 16013, 110, 874], [1, 16013, 1206, 874], [1, 19932, 110, 874], [1, 49698, 110, 874], [1, 49698, 1206, 874]]
1 - 877: [[1, 5026, 1206, 877], [1, 14869, 1206, 877], [1, 16013, 1206, 877], [1, 16013, 1614, 877], [1, 49698, 1206, 877], [1, 49698, 1614, 877], [1, 49698, 2716, 877]]
1 - 878: [[1, 5026, 1206, 878], [1, 14869, 1206, 878], [1, 16013, 1206, 878], [1, 49698, 1206, 878]]
1 - 879: [[1, 5026, 2478, 879]]
1 - 880: [[1, 17414, 2542, 880]]
1 - 881: [[1, 5026, 1206, 1389, 881], [1, 5026, 1206, 1676, 881], [1, 14869, 989, 1676, 881], [1, 14869, 1033, 1389, 881], [1, 14869, 1033, 1676, 881], [1, 14869, 1206, 1389, 881], [1, 14869, 1206, 1676, 881], [1, 14869, 2271, 1676, 881], [1, 16013, 110, 1676, 881], [1, 16013, 1206, 1389, 881], [1, 16013, 1206, 1676, 881], [1, 16013, 1276, 1389, 881], [1, 16013, 1276, 1676, 881], [1, 16013, 1614, 1389, 881], [1, 16013, 1614, 1676, 881], [1, 16013, 2508, 1676, 881], [1, 17414, 2271, 1676, 881], [1, 19932, 110, 1676, 881], [1, 19932, 2271, 1676, 881], [1, 48458, 5638, 1389, 881], [1, 48458, 5638, 1676, 881], [1, 49698, 110, 1676, 881], [1, 49698, 429, 1676, 881], [1, 49698, 1033, 1389, 881], [1, 49698, 1033, 1676, 881], [1, 49698, 1206, 1389, 881], [1, 49698, 1206, 1676, 881], [1, 49698, 1276, 1389, 881], [1, 49698, 1276, 1676, 881], [1, 49698, 1288, 1389, 881], [1, 49698, 1614, 1389, 881], [1, 49698, 1614, 1676, 881], [1, 49698, 1723, 1389, 881], [1, 49698, 1723, 1676, 881], [1, 49698, 2267, 1389, 881], [1, 49698, 2267, 1676, 881], [1, 49698, 2411, 1676, 881], [1, 49698, 2508, 1676, 881], [1, 49698, 2508, 1389, 881], [1, 49698, 2716, 1389, 881], [1, 49698, 2716, 1676, 881], [1, 49698, 2933, 1676, 881], [1, 49698, 3259, 1676, 881], [1, 49698, 3507, 1389, 881], [1, 49698, 3530, 1389, 881], [1, 49698, 3530, 1676, 881], [1, 49698, 4126, 1676, 881], [1, 49698, 5638, 1389, 881], [1, 49698, 5638, 1676, 881], [1, 49698, 6512, 1676, 881], [1, 49698, 18306, 1389, 881], [1, 49698, 18306, 1676, 881], [1, 49698, 20201, 1389, 881], [1, 49698, 20201, 1676, 881], [1, 49698, 22467, 1676, 881], [1, 49698, 25160, 1389, 881], [1, 49698, 25160, 1676, 881], [1, 49698, 38262, 1389, 881]]
1 - 882: [[1, 49698, 1288, 882]]
1 - 883: [[1, 49698, 12536, 883]]
1 - 885: [[1, 5026, 1206, 885], [1, 14869, 1206, 885], [1, 16013, 1206, 885], [1, 49698, 1206, 885]]
1 - 886: [[1, 5026, 886]]
1 - 887: [[1, 5026, 1206, 887], [1, 14869, 1206, 887], [1, 16013, 1206, 887], [1, 49698, 1206, 887]]
1 - 888: [[1, 5026, 1206, 17534, 6645, 888], [1, 14869, 1206, 17534, 6645, 888], [1, 16013, 110, 17534, 6645, 888], [1, 16013, 1206, 17534, 6645, 888], [1, 17414, 2542, 709, 6645, 888], [1, 17414, 2542, 807, 6645, 888], [1, 17414, 2542, 17534, 6645, 888], [1, 19932, 110, 17534, 6645, 888], [1, 19932, 3828, 9836, 6645, 888], [1, 44238, 3828, 9836, 6645, 888], [1, 46814, 3828, 9836, 6645, 888], [1, 49698, 110, 17534, 6645, 888], [1, 49698, 1206, 17534, 6645, 888], [1, 49698, 1288, 9836, 6645, 888], [1, 49698, 2508, 9836, 6645, 888], [1, 49698, 3052, 9836, 6645, 888], [1, 49698, 22467, 9836, 6645, 888]]
1 - 890: [[1, 5026, 1206, 11075, 890], [1, 14869, 1033, 11075, 890], [1, 14869, 1206, 11075, 890], [1, 16013, 110, 11075, 890], [1, 16013, 1206, 11075, 890], [1, 16013, 1276, 11075, 890], [1, 16013, 1723, 11075, 890], [1, 19932, 110, 11075, 890], [1, 19932, 26207, 11075, 890], [1, 44238, 3828, 11075, 890], [1, 46814, 3828, 11075, 890], [1, 49698, 110, 11075, 890], [1, 49698, 429, 11075, 890], [1, 49698, 1033, 11075, 890], [1, 49698, 1108, 11075, 890], [1, 49698, 1206, 11075, 890], [1, 49698, 1276, 11075, 890], [1, 49698, 1723, 11075, 890], [1, 49698, 2508, 11075, 890], [1, 49698, 2933, 11075, 890], [1, 49698, 3530, 788, 890], [1, 49698, 3530, 11075, 890], [1, 49698, 11083, 11075, 890], [1, 49698, 14246, 788, 890], [1, 49698, 18306, 11075, 890], [1, 49698, 20201, 11075, 890], [1, 49698, 20822, 11075, 890], [1, 49698, 22467, 11075, 890], [1, 49698, 27029, 11075, 890], [1, 49698, 38262, 11075, 890], [1, 49698, 42061, 11075, 890]]
1 - 891: [[1, 49698, 350, 891]]
1 - 892: [[1, 49698, 1288, 892]]
1 - 893: [[1, 49698, 36791, 893]]
1 - 894: [[1, 49698, 2355, 894], [1, 49698, 2508, 894]]
1 - 895: [[1, 49698, 1021, 895], [1, 49698, 39815, 895]]
1 - 896: [[1, 16013, 110, 896], [1, 19932, 110, 896], [1, 49698, 110, 896], [1, 49698, 3530, 896]]
1 - 897: [[1, 5026, 1206, 897], [1, 14869, 1206, 897], [1, 16013, 110, 897], [1, 16013, 1206, 897], [1, 19932, 110, 897], [1, 49698, 110, 897], [1, 49698, 1206, 897]]
1 - 898: [[1, 49698, 48460, 898]]
1 - 901: [[1, 16013, 16659, 901], [1, 49698, 2508, 901], [1, 49698, 16659, 901]]
1 - 902: [[1, 5026, 1206, 902], [1, 14869, 1206, 902], [1, 16013, 1206, 902], [1, 49698, 1206, 902]]
1 - 903: [[1, 49698, 2508, 903], [1, 49698, 22467, 903]]
1 - 905: [[1, 5026, 1206, 905], [1, 14869, 1206, 905], [1, 16013, 1206, 905], [1, 49698, 1206, 905]]
1 - 907: [[1, 5026, 1206, 20957, 907], [1, 14869, 1206, 20957, 907], [1, 16013, 1206, 20957, 907], [1, 49698, 1206, 20957, 907], [1, 49698, 2267, 20957, 907], [1, 49698, 2411, 7972, 907], [1, 49698, 2411, 20957, 907], [1, 49698, 29603, 7972, 907]]
1 - 908: [[1, 16013, 110, 40924, 908], [1, 16013, 2508, 40924, 908], [1, 19932, 110, 40924, 908], [1, 49698, 110, 40924, 908], [1, 49698, 2508, 20737, 908], [1, 49698, 2508, 40924, 908], [1, 49698, 3530, 20737, 908], [1, 49698, 3530, 40924, 908], [1, 49698, 18552, 20737, 908], [1, 49698, 18552, 40924, 908]]
1 - 909: [[1, 5026, 11368, 909], [1, 5026, 1206, 909], [1, 14869, 1206, 909], [1, 16013, 1206, 909], [1, 49698, 1206, 909], [1, 49698, 2508, 909], [1, 49698, 11580, 909], [1, 49698, 22467, 909]]
1 - 910: [[1, 5026, 910], [1, 49698, 910]]
1 - 912: [[1, 5026, 11368, 912], [1, 49698, 2353, 912], [1, 49698, 2508, 912], [1, 49698, 11580, 912]]
1 - 913: [[1, 5026, 1206, 913], [1, 14869, 1206, 913], [1, 16013, 1206, 913], [1, 49698, 1206, 913], [1, 49698, 2411, 913]]
1 - 914: [[1, 14869, 2271, 914], [1, 16013, 27029, 914], [1, 16013, 110, 914], [1, 17414, 2271, 914], [1, 19932, 110, 914], [1, 19932, 2271, 914], [1, 49698, 110, 914], [1, 49698, 429, 914], [1, 49698, 2508, 914], [1, 49698, 3530, 914], [1, 49698, 22467, 914], [1, 49698, 25160, 914], [1, 49698, 27029, 914]]
1 - 916: [[1, 49698, 916]]
1 - 917: [[1, 5026, 11368, 917], [1, 5026, 1206, 917], [1, 14869, 1206, 917], [1, 16013, 110, 917], [1, 16013, 1206, 917], [1, 19932, 110, 917], [1, 49698, 110, 917], [1, 49698, 1206, 917], [1, 49698, 2508, 917], [1, 49698, 11580, 917]]
1 - 918: [[1, 5026, 1206, 918], [1, 14869, 1206, 918], [1, 16013, 110, 918], [1, 16013, 1206, 918], [1, 16013, 1614, 918], [1, 19932, 110, 918], [1, 49698, 110, 918], [1, 49698, 1206, 918], [1, 49698, 1288, 918], [1, 49698, 1614, 918]]
