1 - 2752: [[1, 5026, 1206, 3835, 2752], [1, 5026, 1206, 4102, 2752], [1, 14869, 1033, 3835, 2752], [1, 14869, 1033, 4102, 2752], [1, 14869, 1206, 3835, 2752], [1, 14869, 1206, 4102, 2752], [1, 16013, 110, 3835, 2752], [1, 16013, 110, 4102, 2752], [1, 16013, 1206, 3835, 2752], [1, 16013, 1206, 4102, 2752], [1, 16013, 1276, 3835, 2752], [1, 16013, 1276, 4102, 2752], [1, 16013, 1614, 3835, 2752], [1, 16013, 1614, 4102, 2752], [1, 19932, 110, 3835, 2752], [1, 19932, 110, 4102, 2752], [1, 49698, 110, 3835, 2752], [1, 49698, 110, 4102, 2752], [1, 49698, 429, 3835, 2752], [1, 49698, 1033, 3835, 2752], [1, 49698, 1033, 4102, 2752], [1, 49698, 1206, 3835, 2752], [1, 49698, 1206, 4102, 2752], [1, 49698, 1276, 3835, 2752], [1, 49698, 1276, 4102, 2752], [1, 49698, 1614, 3835, 2752], [1, 49698, 1614, 4102, 2752], [1, 49698, 1723, 3835, 2752], [1, 49698, 1723, 4102, 2752], [1, 49698, 2267, 3835, 2752], [1, 49698, 2508, 3835, 2752], [1, 49698, 2508, 4102, 2752], [1, 49698, 2716, 3835, 2752], [1, 49698, 3139, 3835, 2752], [1, 49698, 3507, 3835, 2752], [1, 49698, 3530, 3835, 2752], [1, 49698, 11083, 3835, 2752], [1, 49698, 20201, 3835, 2752], [1, 49698, 20201, 4102, 2752], [1, 49698, 25160, 3835, 2752], [1, 49698, 27029, 3835, 2752], [1, 49698, 38262, 3835, 2752], [1, 49698, 38262, 4102, 2752]]
1 - 2753: [[1, 14869, 1033, 1260, 2753], [1, 14869, 1033, 1689, 2753], [1, 16013, 1276, 1689, 2753], [1, 16013, 1276, 1260, 2753], [1, 16013, 1614, 1260, 2753], [1, 49698, 1033, 1260, 2753], [1, 49698, 1033, 1689, 2753], [1, 49698, 1276, 1689, 2753], [1, 49698, 1276, 1260, 2753], [1, 49698, 1614, 1260, 2753], [1, 49698, 2267, 1260, 2753], [1, 49698, 2508, 1260, 2753], [1, 49698, 2508, 1689, 2753], [1, 49698, 2716, 1260, 2753], [1, 49698, 3530, 1689, 2753], [1, 49698, 3720, 1689, 2753], [1, 49698, 10426, 1689, 2753], [1, 49698, 11083, 1260, 2753], [1, 49698, 11083, 1689, 2753], [1, 49698, 20201, 1260, 2753], [1, 49698, 20822, 1260, 2753], [1, 49698, 22467, 1260, 2753], [1, 49698, 27029, 1260, 2753], [1, 49698, 38262, 1260, 2753], [1, 49698, 38262, 1689, 2753]]
1 - 2754: [[1, 5026, 2754]]
1 - 2755: [[1, 16013, 25160, 2755], [1, 16013, 1614, 2755], [1, 49698, 1614, 2755], [1, 49698, 1723, 2755], [1, 49698, 2508, 2755], [1, 49698, 11083, 2755], [1, 49698, 25160, 2755], [1, 49698, 38262, 2755]]
1 - 2756: [[1, 5026, 1206, 400, 2756], [1, 14869, 1206, 400, 2756], [1, 16013, 1206, 400, 2756], [1, 16013, 1614, 400, 2756], [1, 16013, 1723, 400, 2756], [1, 19932, 26207, 400, 2756], [1, 49698, 1206, 400, 2756], [1, 49698, 1614, 400, 2756], [1, 49698, 1723, 400, 2756], [1, 49698, 18306, 23519, 2756]]
1 - 2757: [[1, 49698, 2757]]
1 - 2758: [[1, 16013, 1723, 13783, 2758], [1, 49698, 1723, 13783, 2758], [1, 49698, 18306, 23519, 2758]]
1 - 2759: [[1, 5026, 1206, 400, 2759], [1, 14869, 1206, 400, 2759], [1, 16013, 1206, 400, 2759], [1, 16013, 1614, 400, 2759], [1, 16013, 1723, 400, 2759], [1, 16013, 1723, 13571, 2759], [1, 19932, 26207, 400, 2759], [1, 49698, 1206, 400, 2759], [1, 49698, 1614, 400, 2759], [1, 49698, 1723, 400, 2759], [1, 49698, 1723, 13571, 2759], [1, 49698, 2757, 13571, 2759]]
1 - 2760: [[1, 16013, 38302, 2760], [1, 16013, 1723, 2760], [1, 49698, 1723, 2760], [1, 49698, 38302, 2760]]
1 - 2761: [[1, 5026, 1206, 2761], [1, 14869, 1033, 2761], [1, 14869, 1206, 2761], [1, 16013, 110, 2761], [1, 16013, 1206, 2761], [1, 16013, 1276, 2761], [1, 16013, 1614, 2761], [1, 19932, 110, 2761], [1, 49698, 110, 2761], [1, 49698, 429, 2761], [1, 49698, 1033, 2761], [1, 49698, 1206, 2761], [1, 49698, 1276, 2761], [1, 49698, 1614, 2761], [1, 49698, 1723, 2761], [1, 49698, 2267, 2761], [1, 49698, 2508, 2761], [1, 49698, 2716, 2761], [1, 49698, 3139, 2761], [1, 49698, 11083, 2761], [1, 49698, 20201, 2761], [1, 49698, 20822, 2761], [1, 49698, 22467, 2761], [1, 49698, 25160, 2761], [1, 49698, 38262, 2761]]
1 - 2762: [[1, 5026, 1206, 1389, 2762], [1, 5026, 1206, 1676, 2762], [1, 14869, 989, 1676, 2762], [1, 14869, 1033, 1389, 2762], [1, 14869, 1033, 1676, 2762], [1, 14869, 1206, 1389, 2762], [1, 14869, 1206, 1676, 2762], [1, 14869, 2271, 1676, 2762], [1, 16013, 110, 1676, 2762], [1, 16013, 1206, 1389, 2762], [1, 16013, 1206, 1676, 2762], [1, 16013, 1276, 1389, 2762], [1, 16013, 1276, 1676, 2762], [1, 16013, 1614, 1389, 2762], [1, 16013, 1614, 1676, 2762], [1, 16013, 2508, 1676, 2762], [1, 17414, 2271, 1676, 2762], [1, 19932, 110, 1676, 2762], [1, 19932, 2271, 1676, 2762], [1, 48458, 5638, 1389, 2762], [1, 48458, 5638, 1676, 2762], [1, 49698, 110, 1676, 2762], [1, 49698, 429, 1676, 2762], [1, 49698, 1033, 1389, 2762], [1, 49698, 1033, 1676, 2762], [1, 49698, 1206, 1389, 2762], [1, 49698, 1206, 1676, 2762], [1, 49698, 1276, 1389, 2762], [1, 49698, 1276, 1676, 2762], [1, 49698, 1288, 1389, 2762], [1, 49698, 1614, 1389, 2762], [1, 49698, 1614, 1676, 2762], [1, 49698, 1723, 1389, 2762], [1, 49698, 1723, 1676, 2762], [1, 49698, 2267, 1389, 2762], [1, 49698, 2267, 1676, 2762], [1, 49698, 2411, 1676, 2762], [1, 49698, 2508, 1676, 2762], [1, 49698, 2508, 1389, 2762], [1, 49698, 2716, 1389, 2762], [1, 49698, 2716, 1676, 2762], [1, 49698, 2933, 1676, 2762], [1, 49698, 3259, 1676, 2762], [1, 49698, 3507, 1389, 2762], [1, 49698, 3530, 1389, 2762], [1, 49698, 3530, 1676, 2762], [1, 49698, 4126, 1676, 2762], [1, 49698, 5638, 1389, 2762], [1, 49698, 5638, 1676, 2762], [1, 49698, 6512, 1676, 2762], [1, 49698, 18306, 1389, 2762], [1, 49698, 18306, 1676, 2762], [1, 49698, 20201, 1389, 2762], [1, 49698, 20201, 1676, 2762], [1, 49698, 22467, 1676, 2762], [1, 49698, 25160, 1389, 2762], [1, 49698, 25160, 1676, 2762], [1, 49698, 38262, 1389, 2762]]
1 - 2763: [[1, 5026, 1206, 1389, 2763], [1, 5026, 1206, 1676, 2763], [1, 14869, 989, 1676, 2763], [1, 14869, 1033, 1389, 2763], [1, 14869, 1033, 1676, 2763], [1, 14869, 1033, 3729, 2763], [1, 14869, 1206, 1389, 2763], [1, 14869, 1206, 1676, 2763], [1, 14869, 2271, 1676, 2763], [1, 16013, 110, 1676, 2763], [1, 16013, 110, 3729, 2763], [1, 16013, 1206, 1389, 2763], [1, 16013, 1206, 1676, 2763], [1, 16013, 1276, 1389, 2763], [1, 16013, 1276, 1676, 2763], [1, 16013, 1276, 3729, 2763], [1, 16013, 1614, 1389, 2763], [1, 16013, 1614, 1676, 2763], [1, 16013, 1614, 3729, 2763], [1, 16013, 2508, 1676, 2763], [1, 16013, 2855, 3729, 2763], [1, 17414, 2271, 1676, 2763], [1, 19932, 110, 1676, 2763], [1, 19932, 110, 3729, 2763], [1, 19932, 2271, 1676, 2763], [1, 48458, 5638, 1389, 2763], [1, 48458, 5638, 1676, 2763], [1, 49698, 110, 1676, 2763], [1, 49698, 110, 3729, 2763], [1, 49698, 429, 1676, 2763], [1, 49698, 429, 3729, 2763], [1, 49698, 1033, 1389, 2763], [1, 49698, 1033, 1676, 2763], [1, 49698, 1033, 3729, 2763], [1, 49698, 1206, 1389, 2763], [1, 49698, 1206, 1676, 2763], [1, 49698, 1276, 1389, 2763], [1, 49698, 1276, 1676, 2763], [1, 49698, 1276, 3729, 2763], [1, 49698, 1288, 1389, 2763], [1, 49698, 1614, 1389, 2763], [1, 49698, 1614, 1676, 2763], [1, 49698, 1614, 3729, 2763], [1, 49698, 1723, 1389, 2763], [1, 49698, 1723, 1676, 2763], [1, 49698, 2267, 1389, 2763], [1, 49698, 2267, 1676, 2763], [1, 49698, 2267, 3729, 2763], [1, 49698, 2411, 1676, 2763], [1, 49698, 2508, 1676, 2763], [1, 49698, 2508, 3729, 2763], [1, 49698, 2508, 1389, 2763], [1, 49698, 2716, 3729, 2763], [1, 49698, 2716, 1389, 2763], [1, 49698, 2716, 1676, 2763], [1, 49698, 2855, 3729, 2763], [1, 49698, 2933, 1676, 2763], [1, 49698, 3259, 1676, 2763], [1, 49698, 3507, 1389, 2763], [1, 49698, 3530, 1389, 2763], [1, 49698, 3530, 1676, 2763], [1, 49698, 4126, 1676, 2763], [1, 49698, 5638, 1389, 2763], [1, 49698, 5638, 1676, 2763], [1, 49698, 6512, 1676, 2763], [1, 49698, 11083, 3729, 2763], [1, 49698, 18306, 1389, 2763], [1, 49698, 18306, 1676, 2763], [1, 49698, 18306, 3729, 2763], [1, 49698, 20201, 1389, 2763], [1, 49698, 20201, 1676, 2763], [1, 49698, 20201, 3729, 2763], [1, 49698, 20822, 3729, 2763], [1, 49698, 22467, 1676, 2763], [1, 49698, 22467, 3729, 2763], [1, 49698, 25160, 1389, 2763], [1, 49698, 25160, 1676, 2763], [1, 49698, 25160, 3729, 2763], [1, 49698, 27029, 3729, 2763], [1, 49698, 38262, 1389, 2763], [1, 49698, 38262, 3729, 2763]]
1 - 2765: [[1, 5026, 9095, 406, 2765], [1, 5026, 1206, 1389, 2765], [1, 5026, 1206, 1676, 2765], [1, 14869, 989, 1676, 2765], [1, 14869, 1033, 1389, 2765], [1, 14869, 1033, 1676, 2765], [1, 14869, 1033, 3729, 2765], [1, 14869, 1206, 1389, 2765], [1, 14869, 1206, 1676, 2765], [1, 14869, 2271, 1676, 2765], [1, 16013, 110, 1676, 2765], [1, 16013, 110, 3729, 2765], [1, 16013, 1206, 1389, 2765], [1, 16013, 1206, 1676, 2765], [1, 16013, 1276, 1389, 2765], [1, 16013, 1276, 1676, 2765], [1, 16013, 1276, 3729, 2765], [1, 16013, 1614, 1389, 2765], [1, 16013, 1614, 1676, 2765], [1, 16013, 1614, 3729, 2765], [1, 16013, 2508, 1676, 2765], [1, 16013, 2855, 3729, 2765], [1, 17414, 2271, 1676, 2765], [1, 19932, 110, 1676, 2765], [1, 19932, 110, 3729, 2765], [1, 19932, 2271, 1676, 2765], [1, 48458, 5638, 1389, 2765], [1, 48458, 5638, 1676, 2765], [1, 49698, 110, 1676, 2765], [1, 49698, 110, 3729, 2765], [1, 49698, 429, 1676, 2765], [1, 49698, 429, 3729, 2765], [1, 49698, 1033, 1389, 2765], [1, 49698, 1033, 1676, 2765], [1, 49698, 1033, 3729, 2765], [1, 49698, 1206, 1389, 2765], [1, 49698, 1206, 1676, 2765], [1, 49698, 1276, 1389, 2765], [1, 49698, 1276, 1676, 2765], [1, 49698, 1276, 3729, 2765], [1, 49698, 1288, 1389, 2765], [1, 49698, 1614, 1389, 2765], [1, 49698, 1614, 1676, 2765], [1, 49698, 1614, 3729, 2765], [1, 49698, 1723, 1389, 2765], [1, 49698, 1723, 1676, 2765], [1, 49698, 2267, 1389, 2765], [1, 49698, 2267, 1676, 2765], [1, 49698, 2267, 3729, 2765], [1, 49698, 2411, 1676, 2765], [1, 49698, 2508, 1676, 2765], [1, 49698, 2508, 3729, 2765], [1, 49698, 2508, 1389, 2765], [1, 49698, 2716, 3729, 2765], [1, 49698, 2716, 1389, 2765], [1, 49698, 2716, 1676, 2765], [1, 49698, 2855, 3729, 2765], [1, 49698, 2933, 1676, 2765], [1, 49698, 3259, 1676, 2765], [1, 49698, 3507, 1389, 2765], [1, 49698, 3530, 1389, 2765], [1, 49698, 3530, 1676, 2765], [1, 49698, 4126, 1676, 2765], [1, 49698, 5638, 1389, 2765], [1, 49698, 5638, 1676, 2765], [1, 49698, 6512, 1676, 2765], [1, 49698, 11083, 3729, 2765], [1, 49698, 18306, 1389, 2765], [1, 49698, 18306, 1676, 2765], [1, 49698, 18306, 3729, 2765], [1, 49698, 20201, 1389, 2765], [1, 49698, 20201, 1676, 2765], [1, 49698, 20201, 3729, 2765], [1, 49698, 20822, 3729, 2765], [1, 49698, 22467, 1676, 2765], [1, 49698, 22467, 3729, 2765], [1, 49698, 25160, 1389, 2765], [1, 49698, 25160, 1676, 2765], [1, 49698, 25160, 3729, 2765], [1, 49698, 27029, 3729, 2765], [1, 49698, 38262, 1389, 2765], [1, 49698, 38262, 3729, 2765]]
1 - 2767: [[1, 14869, 1033, 2767], [1, 49698, 1033, 2767], [1, 49698, 3530, 2767]]
1 - 2768: [[1, 5026, 1206, 1389, 2768], [1, 5026, 1206, 1676, 2768], [1, 14869, 989, 1676, 2768], [1, 14869, 1033, 1389, 2768], [1, 14869, 1033, 1676, 2768], [1, 14869, 1206, 1389, 2768], [1, 14869, 1206, 1676, 2768], [1, 14869, 2271, 1676, 2768], [1, 16013, 110, 1676, 2768], [1, 16013, 1206, 1389, 2768], [1, 16013, 1206, 1676, 2768], [1, 16013, 1276, 1389, 2768], [1, 16013, 1276, 1676, 2768], [1, 16013, 1614, 1389, 2768], [1, 16013, 1614, 1676, 2768], [1, 16013, 2508, 1676, 2768], [1, 17414, 2271, 1676, 2768], [1, 19932, 110, 1676, 2768], [1, 19932, 2271, 1676, 2768], [1, 48458, 5638, 1389, 2768], [1, 48458, 5638, 1676, 2768], [1, 49698, 110, 1676, 2768], [1, 49698, 429, 1676, 2768], [1, 49698, 1033, 1389, 2768], [1, 49698, 1033, 1676, 2768], [1, 49698, 1206, 1389, 2768], [1, 49698, 1206, 1676, 2768], [1, 49698, 1276, 1389, 2768], [1, 49698, 1276, 1676, 2768], [1, 49698, 1288, 1389, 2768], [1, 49698, 1614, 1389, 2768], [1, 49698, 1614, 1676, 2768], [1, 49698, 1723, 1389, 2768], [1, 49698, 1723, 1676, 2768], [1, 49698, 2267, 1389, 2768], [1, 49698, 2267, 1676, 2768], [1, 49698, 2411, 1676, 2768], [1, 49698, 2508, 1676, 2768], [1, 49698, 2508, 1389, 2768], [1, 49698, 2716, 1389, 2768], [1, 49698, 2716, 1676, 2768], [1, 49698, 2933, 1676, 2768], [1, 49698, 3259, 1676, 2768], [1, 49698, 3507, 1389, 2768], [1, 49698, 3530, 1389, 2768], [1, 49698, 3530, 1676, 2768], [1, 49698, 4126, 1676, 2768], [1, 49698, 5638, 1389, 2768], [1, 49698, 5638, 1676, 2768], [1, 49698, 6512, 1676, 2768], [1, 49698, 18306, 1389, 2768], [1, 49698, 18306, 1676, 2768], [1, 49698, 20201, 1389, 2768], [1, 49698, 20201, 1676, 2768], [1, 49698, 22467, 1676, 2768], [1, 49698, 25160, 1389, 2768], [1, 49698, 25160, 1676, 2768], [1, 49698, 38262, 1389, 2768]]
1 - 2769: [[1, 5026, 9095, 406, 2769], [1, 5026, 1206, 1676, 2769], [1, 14869, 989, 1676, 2769], [1, 14869, 1033, 1676, 2769], [1, 14869, 1206, 1676, 2769], [1, 14869, 2271, 1676, 2769], [1, 16013, 110, 1676, 2769], [1, 16013, 1206, 1676, 2769], [1, 16013, 1276, 1676, 2769], [1, 16013, 1614, 1676, 2769], [1, 16013, 2508, 1676, 2769], [1, 17414, 2271, 1676, 2769], [1, 19932, 110, 1676, 2769], [1, 19932, 2271, 1676, 2769], [1, 48458, 5638, 1676, 2769], [1, 49698, 110, 1676, 2769], [1, 49698, 429, 1676, 2769], [1, 49698, 1033, 1676, 2769], [1, 49698, 1206, 1676, 2769], [1, 49698, 1276, 1676, 2769], [1, 49698, 1614, 1676, 2769], [1, 49698, 1723, 1676, 2769], [1, 49698, 2267, 1676, 2769], [1, 49698, 2411, 1676, 2769], [1, 49698, 2508, 1676, 2769], [1, 49698, 2716, 1676, 2769], [1, 49698, 2933, 1676, 2769], [1, 49698, 3259, 1676, 2769], [1, 49698, 3530, 1676, 2769], [1, 49698, 4126, 1676, 2769], [1, 49698, 5638, 1676, 2769], [1, 49698, 6512, 1676, 2769], [1, 49698, 18306, 1676, 2769], [1, 49698, 20201, 1676, 2769], [1, 49698, 22467, 1676, 2769], [1, 49698, 25160, 1676, 2769]]
1 - 2770: [[1, 14869, 1033, 4219, 2770], [1, 14869, 1033, 38438, 2770], [1, 16013, 110, 38438, 2770], [1, 19932, 110, 38438, 2770], [1, 19932, 3828, 4219, 2770], [1, 19932, 3828, 9232, 2770], [1, 19932, 3828, 38438, 2770], [1, 44238, 3828, 4219, 2770], [1, 44238, 3828, 9232, 2770], [1, 44238, 3828, 38438, 2770], [1, 46814, 3828, 4219, 2770], [1, 46814, 3828, 9232, 2770], [1, 46814, 3828, 38438, 2770], [1, 49698, 110, 38438, 2770], [1, 49698, 1033, 4219, 2770], [1, 49698, 1033, 38438, 2770], [1, 49698, 1723, 4219, 2770], [1, 49698, 1723, 38438, 2770], [1, 49698, 2267, 4219, 2770], [1, 49698, 2267, 38438, 2770], [1, 49698, 2411, 38438, 2770], [1, 49698, 2508, 4219, 2770], [1, 49698, 2508, 9232, 2770], [1, 49698, 2508, 38438, 2770], [1, 49698, 2716, 38438, 2770], [1, 49698, 20201, 4219, 2770]]
1 - 2772: [[1, 5026, 1206, 2772], [1, 14869, 1033, 2772], [1, 14869, 1206, 2772], [1, 16013, 1206, 2772], [1, 16013, 1276, 2772], [1, 16013, 1614, 2772], [1, 19932, 3828, 2772], [1, 44238, 3828, 2772], [1, 46814, 3828, 2772], [1, 49698, 429, 2772], [1, 49698, 1033, 2772], [1, 49698, 1206, 2772], [1, 49698, 1276, 2772], [1, 49698, 1614, 2772], [1, 49698, 1723, 2772], [1, 49698, 2267, 2772], [1, 49698, 2411, 2772], [1, 49698, 2508, 2772], [1, 49698, 2716, 2772], [1, 49698, 20201, 2772]]
1 - 2775: [[1, 5026, 2775], [1, 16013, 2775], [1, 49698, 2775]]
1 - 2776: [[1, 49698, 2508, 2776], [1, 49698, 38262, 2776]]
1 - 2781: [[1, 14869, 1033, 2781], [1, 16013, 1614, 2781], [1, 16013, 1723, 2781], [1, 49698, 1033, 2781], [1, 49698, 1288, 2781], [1, 49698, 1614, 2781], [1, 49698, 1723, 2781], [1, 49698, 2508, 2781]]
1 - 2783: [[1, 5026, 1206, 22977, 1608, 2783], [1, 14869, 1033, 1623, 1608, 2783], [1, 14869, 1033, 22977, 1608, 2783], [1, 14869, 1033, 22997, 1608, 2783], [1, 14869, 1033, 28554, 1608, 2783], [1, 14869, 1033, 28665, 1608, 2783], [1, 14869, 1033, 43288, 1608, 2783], [1, 14869, 1206, 22977, 1608, 2783], [1, 14869, 2271, 1623, 1608, 2783], [1, 16013, 27029, 28554, 1608, 2783], [1, 16013, 110, 1623, 1608, 2783], [1, 16013, 110, 43288, 1608, 2783], [1, 16013, 110, 46415, 1608, 2783], [1, 16013, 1206, 22977, 1608, 2783], [1, 16013, 1276, 1623, 1608, 2783], [1, 16013, 1276, 22977, 1608, 2783], [1, 16013, 1276, 28554, 1608, 2783], [1, 16013, 1276, 28665, 1608, 2783], [1, 16013, 1614, 1623, 1608, 2783], [1, 16013, 1614, 22997, 1608, 2783], [1, 16013, 1614, 28554, 1608, 2783], [1, 16013, 1614, 28665, 1608, 2783], [1, 16013, 2508, 1623, 1608, 2783], [1, 16013, 2508, 22977, 1608, 2783], [1, 16013, 2508, 28554, 1608, 2783], [1, 16013, 2508, 28665, 1608, 2783], [1, 16013, 2508, 43288, 1608, 2783], [1, 16013, 11239, 22997, 1608, 2783], [1, 16013, 13786, 46415, 1608, 2783], [1, 17414, 2271, 1623, 1608, 2783], [1, 19932, 110, 1623, 1608, 2783], [1, 19932, 110, 43288, 1608, 2783], [1, 19932, 110, 46415, 1608, 2783], [1, 19932, 2271, 1623, 1608, 2783], [1, 19932, 26207, 28554, 1608, 2783], [1, 19932, 26207, 43288, 1608, 2783], [1, 19932, 26207, 1623, 1608, 2783], [1, 19932, 26207, 22977, 1608, 2783], [1, 19932, 26207, 22997, 1608, 2783], [1, 44238, 3828, 22977, 1608, 2783], [1, 46814, 3828, 22977, 1608, 2783], [1, 48458, 5638, 28554, 1608, 2783], [1, 49698, 110, 1623, 1608, 2783], [1, 49698, 110, 43288, 1608, 2783], [1, 49698, 110, 46415, 1608, 2783], [1, 49698, 429, 1623, 1608, 2783], [1, 49698, 429, 22977, 1608, 2783], [1, 49698, 429, 22997, 1608, 2783], [1, 49698, 429, 28554, 1608, 2783], [1, 49698, 429, 43288, 1608, 2783], [1, 49698, 1033, 1623, 1608, 2783], [1, 49698, 1033, 22977, 1608, 2783], [1, 49698, 1033, 22997, 1608, 2783], [1, 49698, 1033, 28554, 1608, 2783], [1, 49698, 1033, 28665, 1608, 2783], [1, 49698, 1033, 43288, 1608, 2783], [1, 49698, 1108, 1623, 1608, 2783], [1, 49698, 1108, 22997, 1608, 2783], [1, 49698, 1206, 22977, 1608, 2783], [1, 49698, 1276, 1623, 1608, 2783], [1, 49698, 1276, 22977, 1608, 2783], [1, 49698, 1276, 28554, 1608, 2783], [1, 49698, 1276, 28665, 1608, 2783], [1, 49698, 1614, 1623, 1608, 2783], [1, 49698, 1614, 22997, 1608, 2783], [1, 49698, 1614, 28554, 1608, 2783], [1, 49698, 1614, 28665, 1608, 2783], [1, 49698, 1723, 22977, 1608, 2783], [1, 49698, 1723, 22997, 1608, 2783], [1, 49698, 1723, 28554, 1608, 2783], [1, 49698, 1723, 28665, 1608, 2783], [1, 49698, 1723, 43288, 1608, 2783], [1, 49698, 1723, 1623, 1608, 2783], [1, 49698, 2267, 1623, 1608, 2783], [1, 49698, 2267, 22977, 1608, 2783], [1, 49698, 2267, 22997, 1608, 2783], [1, 49698, 2267, 28554, 1608, 2783], [1, 49698, 2508, 1623, 1608, 2783], [1, 49698, 2508, 22977, 1608, 2783], [1, 49698, 2508, 22997, 1608, 2783], [1, 49698, 2508, 28554, 1608, 2783], [1, 49698, 2508, 28665, 1608, 2783], [1, 49698, 2508, 43288, 1608, 2783], [1, 49698, 2716, 1623, 1608, 2783], [1, 49698, 2716, 22977, 1608, 2783], [1, 49698, 2716, 22997, 1608, 2783], [1, 49698, 2716, 28554, 1608, 2783], [1, 49698, 2716, 43288, 1608, 2783], [1, 49698, 2757, 22977, 1608, 2783], [1, 49698, 3530, 22977, 1608, 2783], [1, 49698, 3530, 22997, 1608, 2783], [1, 49698, 3530, 28554, 1608, 2783], [1, 49698, 3530, 28665, 1608, 2783], [1, 49698, 3530, 1623, 1608, 2783], [1, 49698, 3720, 28554, 1608, 2783], [1, 49698, 4235, 28665, 1608, 2783], [1, 49698, 5638, 28554, 1608, 2783], [1, 49698, 11083, 22977, 1608, 2783], [1, 49698, 11083, 22997, 1608, 2783], [1, 49698, 11083, 43288, 1608, 2783], [1, 49698, 11239, 22997, 1608, 2783], [1, 49698, 13786, 46415, 1608, 2783], [1, 49698, 18306, 22977, 1608, 2783], [1, 49698, 18306, 22997, 1608, 2783], [1, 49698, 18306, 1623, 1608, 2783], [1, 49698, 20201, 22977, 1608, 2783], [1, 49698, 20201, 22997, 1608, 2783], [1, 49698, 20201, 28554, 1608, 2783], [1, 49698, 20201, 28665, 1608, 2783], [1, 49698, 20201, 43288, 1608, 2783], [1, 49698, 20822, 1623, 1608, 2783], [1, 49698, 20822, 22977, 1608, 2783], [1, 49698, 20822, 43288, 1608, 2783], [1, 49698, 22467, 22977, 1608, 2783], [1, 49698, 22467, 22997, 1608, 2783], [1, 49698, 22467, 28554, 1608, 2783], [1, 49698, 22467, 43288, 1608, 2783], [1, 49698, 22467, 1623, 1608, 2783], [1, 49698, 25160, 22997, 1608, 2783], [1, 49698, 27029, 28554, 1608, 2783], [1, 49698, 27029, 43288, 1608, 2783], [1, 49698, 27029, 22997, 1608, 2783], [1, 49698, 38262, 22997, 1608, 2783], [1, 49698, 38262, 43288, 1608, 2783], [1, 49698, 38262, 46415, 1608, 2783], [1, 49698, 38262, 22977, 1608, 2783], [1, 49698, 38262, 28554, 1608, 2783]]
1 - 2784: [[1, 16013, 1276, 2784], [1, 49698, 429, 2784], [1, 49698, 1276, 2784]]
1 - 2785: [[1, 5026, 1206, 9081, 2785], [1, 14869, 1033, 9081, 2785], [1, 14869, 1206, 9081, 2785], [1, 14869, 2271, 23078, 2785], [1, 16013, 110, 9081, 2785], [1, 16013, 110, 23078, 2785], [1, 16013, 1206, 9081, 2785], [1, 16013, 1614, 9081, 2785], [1, 16013, 1614, 23078, 2785], [1, 16013, 2508, 9081, 2785], [1, 17414, 2271, 23078, 2785], [1, 19932, 110, 9081, 2785], [1, 19932, 110, 23078, 2785], [1, 19932, 2271, 23078, 2785], [1, 19932, 26207, 9081, 2785], [1, 49698, 110, 9081, 2785], [1, 49698, 110, 23078, 2785], [1, 49698, 429, 9081, 2785], [1, 49698, 1033, 9081, 2785], [1, 49698, 1108, 23078, 2785], [1, 49698, 1206, 9081, 2785], [1, 49698, 1614, 9081, 2785], [1, 49698, 1614, 23078, 2785], [1, 49698, 1723, 23078, 2785], [1, 49698, 2411, 9081, 2785], [1, 49698, 2411, 23078, 2785], [1, 49698, 2508, 9081, 2785], [1, 49698, 2508, 23078, 2785], [1, 49698, 2716, 9081, 2785], [1, 49698, 3507, 9081, 2785], [1, 49698, 11083, 23078, 2785], [1, 49698, 11083, 9081, 2785], [1, 49698, 18306, 9081, 2785], [1, 49698, 20201, 23078, 2785], [1, 49698, 20201, 9081, 2785], [1, 49698, 20822, 9081, 2785], [1, 49698, 20822, 23078, 2785], [1, 49698, 22467, 23078, 2785], [1, 49698, 22467, 9081, 2785], [1, 49698, 27029, 9081, 2785], [1, 49698, 27029, 23078, 2785]]
1 - 2786: [[1, 16013, 1723, 2786], [1, 49698, 1723, 2786], [1, 49698, 2508, 2786], [1, 49698, 42061, 2786]]
1 - 2787: [[1, 16013, 2508, 2787], [1, 49698, 1723, 2787], [1, 49698, 2508, 2787], [1, 49698, 22953, 2787]]
1 - 2788: [[1, 16013, 2855, 38492, 2788], [1, 49698, 2855, 38492, 2788]]
1 - 2789: [[1, 16013, 1723, 2789], [1, 49698, 1723, 2789]]
1 - 2791: [[1, 16013, 1723, 2791], [1, 49698, 1723, 2791], [1, 49698, 2508, 2791]]
1 - 2792: [[1, 16013, 1614, 2792], [1, 49698, 1614, 2792], [1, 49698, 2267, 2792]]
1 - 2793: [[1, 16013, 1723, 2793], [1, 16013, 2508, 2793], [1, 49698, 1723, 2793], [1, 49698, 2508, 2793]]
1 - 2794: [[1, 5026, 13401, 2794], [1, 16013, 1614, 2794], [1, 49698, 1614, 2794], [1, 49698, 2508, 2794]]
1 - 2795: [[1, 16013, 9142, 2795], [1, 49698, 9142, 2795]]
1 - 2797: [[1, 14869, 1033, 28554, 2797], [1, 16013, 27029, 28554, 2797], [1, 16013, 1276, 28554, 2797], [1, 16013, 1614, 28554, 2797], [1, 16013, 2508, 28554, 2797], [1, 19932, 26207, 28554, 2797], [1, 48458, 5638, 28554, 2797], [1, 49698, 429, 28554, 2797], [1, 49698, 1033, 28554, 2797], [1, 49698, 1276, 28554, 2797], [1, 49698, 1614, 28554, 2797], [1, 49698, 1723, 28554, 2797], [1, 49698, 2267, 28554, 2797], [1, 49698, 2508, 28554, 2797], [1, 49698, 2716, 28554, 2797], [1, 49698, 3530, 28554, 2797], [1, 49698, 3720, 28554, 2797], [1, 49698, 5638, 28554, 2797], [1, 49698, 20201, 28554, 2797], [1, 49698, 22467, 28554, 2797], [1, 49698, 27029, 28554, 2797], [1, 49698, 38262, 28554, 2797]]
1 - 2798: [[1, 14869, 1033, 2798], [1, 16013, 110, 2798], [1, 16013, 1276, 2798], [1, 19932, 110, 2798], [1, 49698, 110, 2798], [1, 49698, 1033, 2798], [1, 49698, 1276, 2798], [1, 49698, 2267, 2798], [1, 49698, 2508, 2798], [1, 49698, 2716, 2798], [1, 49698, 3530, 2798], [1, 49698, 11083, 2798], [1, 49698, 38262, 2798]]
1 - 2805: [[1, 5026, 1206, 1389, 2805], [1, 5026, 1206, 1676, 2805], [1, 14869, 989, 1676, 2805], [1, 14869, 1033, 1389, 2805], [1, 14869, 1033, 1676, 2805], [1, 14869, 1206, 1389, 2805], [1, 14869, 1206, 1676, 2805], [1, 14869, 2271, 1676, 2805], [1, 16013, 110, 1676, 2805], [1, 16013, 1206, 1389, 2805], [1, 16013, 1206, 1676, 2805], [1, 16013, 1276, 1389, 2805], [1, 16013, 1276, 1676, 2805], [1, 16013, 1614, 1389, 2805], [1, 16013, 1614, 1676, 2805], [1, 16013, 2508, 1676, 2805], [1, 17414, 2271, 1676, 2805], [1, 19932, 110, 1676, 2805], [1, 19932, 2271, 1676, 2805], [1, 48458, 5638, 1389, 2805], [1, 48458, 5638, 1676, 2805], [1, 49698, 110, 1676, 2805], [1, 49698, 429, 1676, 2805], [1, 49698, 1033, 1389, 2805], [1, 49698, 1033, 1676, 2805], [1, 49698, 1206, 1389, 2805], [1, 49698, 1206, 1676, 2805], [1, 49698, 1276, 1389, 2805], [1, 49698, 1276, 1676, 2805], [1, 49698, 1288, 1389, 2805], [1, 49698, 1614, 1389, 2805], [1, 49698, 1614, 1676, 2805], [1, 49698, 1723, 1389, 2805], [1, 49698, 1723, 1676, 2805], [1, 49698, 2267, 1389, 2805], [1, 49698, 2267, 1676, 2805], [1, 49698, 2411, 1676, 2805], [1, 49698, 2508, 1676, 2805], [1, 49698, 2508, 1389, 2805], [1, 49698, 2716, 1389, 2805], [1, 49698, 2716, 1676, 2805], [1, 49698, 2933, 1676, 2805], [1, 49698, 3259, 1676, 2805], [1, 49698, 3507, 1389, 2805], [1, 49698, 3530, 1389, 2805], [1, 49698, 3530, 1676, 2805], [1, 49698, 4126, 1676, 2805], [1, 49698, 5638, 1389, 2805], [1, 49698, 5638, 1676, 2805], [1, 49698, 6512, 1676, 2805], [1, 49698, 18306, 1389, 2805], [1, 49698, 18306, 1676, 2805], [1, 49698, 20201, 1389, 2805], [1, 49698, 20201, 1676, 2805], [1, 49698, 22467, 1676, 2805], [1, 49698, 25160, 1389, 2805], [1, 49698, 25160, 1676, 2805], [1, 49698, 38262, 1389, 2805]]
1 - 2806: [[1, 5026, 1206, 1389, 2806], [1, 5026, 1206, 1676, 2806], [1, 14869, 989, 1676, 2806], [1, 14869, 1033, 1389, 2806], [1, 14869, 1033, 1676, 2806], [1, 14869, 1033, 3729, 2806], [1, 14869, 1206, 1389, 2806], [1, 14869, 1206, 1676, 2806], [1, 14869, 2271, 1676, 2806], [1, 16013, 110, 1676, 2806], [1, 16013, 110, 3729, 2806], [1, 16013, 1206, 1389, 2806], [1, 16013, 1206, 1676, 2806], [1, 16013, 1276, 1389, 2806], [1, 16013, 1276, 1676, 2806], [1, 16013, 1276, 3729, 2806], [1, 16013, 1614, 1389, 2806], [1, 16013, 1614, 1676, 2806], [1, 16013, 1614, 3729, 2806], [1, 16013, 2508, 1676, 2806], [1, 16013, 2855, 3729, 2806], [1, 17414, 2271, 1676, 2806], [1, 19932, 110, 1676, 2806], [1, 19932, 110, 3729, 2806], [1, 19932, 2271, 1676, 2806], [1, 48458, 5638, 1389, 2806], [1, 48458, 5638, 1676, 2806], [1, 49698, 110, 1676, 2806], [1, 49698, 110, 3729, 2806], [1, 49698, 429, 1676, 2806], [1, 49698, 429, 3729, 2806], [1, 49698, 1033, 1389, 2806], [1, 49698, 1033, 1676, 2806], [1, 49698, 1033, 3729, 2806], [1, 49698, 1206, 1389, 2806], [1, 49698, 1206, 1676, 2806], [1, 49698, 1276, 1389, 2806], [1, 49698, 1276, 1676, 2806], [1, 49698, 1276, 3729, 2806], [1, 49698, 1288, 1389, 2806], [1, 49698, 1614, 1389, 2806], [1, 49698, 1614, 1676, 2806], [1, 49698, 1614, 3729, 2806], [1, 49698, 1723, 1389, 2806], [1, 49698, 1723, 1676, 2806], [1, 49698, 2267, 1389, 2806], [1, 49698, 2267, 1676, 2806], [1, 49698, 2267, 3729, 2806], [1, 49698, 2411, 1676, 2806], [1, 49698, 2508, 1676, 2806], [1, 49698, 2508, 3729, 2806], [1, 49698, 2508, 1389, 2806], [1, 49698, 2716, 3729, 2806], [1, 49698, 2716, 1389, 2806], [1, 49698, 2716, 1676, 2806], [1, 49698, 2855, 3729, 2806], [1, 49698, 2933, 1676, 2806], [1, 49698, 3259, 1676, 2806], [1, 49698, 3507, 1389, 2806], [1, 49698, 3530, 1389, 2806], [1, 49698, 3530, 1676, 2806], [1, 49698, 4126, 1676, 2806], [1, 49698, 5638, 1389, 2806], [1, 49698, 5638, 1676, 2806], [1, 49698, 6512, 1676, 2806], [1, 49698, 11083, 3729, 2806], [1, 49698, 18306, 1389, 2806], [1, 49698, 18306, 1676, 2806], [1, 49698, 18306, 3729, 2806], [1, 49698, 20201, 1389, 2806], [1, 49698, 20201, 1676, 2806], [1, 49698, 20201, 3729, 2806], [1, 49698, 20822, 3729, 2806], [1, 49698, 22467, 1676, 2806], [1, 49698, 22467, 3729, 2806], [1, 49698, 25160, 1389, 2806], [1, 49698, 25160, 1676, 2806], [1, 49698, 25160, 3729, 2806], [1, 49698, 27029, 3729, 2806], [1, 49698, 38262, 1389, 2806], [1, 49698, 38262, 3729, 2806]]
1 - 2807: [[1, 16013, 1723, 2807], [1, 49698, 1723, 2807]]
1 - 2808: [[1, 5026, 1206, 3718, 2808], [1, 14869, 1033, 3718, 2808], [1, 14869, 1206, 3718, 2808], [1, 16013, 110, 3718, 2808], [1, 16013, 1206, 3718, 2808], [1, 16013, 1276, 3718, 2808], [1, 16013, 1276, 13450, 2808], [1, 16013, 1614, 3718, 2808], [1, 16013, 1614, 13450, 2808], [1, 16013, 2508, 3718, 2808], [1, 16013, 7034, 13450, 2808], [1, 19932, 110, 3718, 2808], [1, 49698, 110, 3718, 2808], [1, 49698, 429, 3718, 2808], [1, 49698, 429, 13450, 2808], [1, 49698, 1033, 3718, 2808], [1, 49698, 1206, 3718, 2808], [1, 49698, 1276, 3718, 2808], [1, 49698, 1276, 13450, 2808], [1, 49698, 1614, 3718, 2808], [1, 49698, 1614, 13450, 2808], [1, 49698, 1723, 3718, 2808], [1, 49698, 1723, 13450, 2808], [1, 49698, 2267, 3718, 2808], [1, 49698, 2411, 3718, 2808], [1, 49698, 2508, 3718, 2808], [1, 49698, 2508, 13450, 2808], [1, 49698, 2716, 3718, 2808], [1, 49698, 7034, 13450, 2808], [1, 49698, 20201, 3718, 2808], [1, 49698, 20201, 13450, 2808], [1, 49698, 22467, 3718, 2808], [1, 49698, 38262, 13450, 2808]]
1 - 2809: [[1, 5026, 1206, 2772, 1666, 2809], [1, 5026, 1206, 2772, 44986, 2809], [1, 5026, 1206, 28433, 28449, 2809], [1, 14869, 1033, 1623, 2713, 2809], [1, 14869, 1033, 2772, 1666, 2809], [1, 14869, 1033, 2772, 44986, 2809], [1, 14869, 1033, 22997, 1685, 2809], [1, 14869, 1033, 22997, 2713, 2809], [1, 14869, 1033, 28433, 28449, 2809], [1, 14869, 1033, 43288, 1685, 2809], [1, 14869, 1206, 2772, 1666, 2809], [1, 14869, 1206, 2772, 44986, 2809], [1, 14869, 1206, 28433, 28449, 2809], [1, 14869, 2271, 1623, 2713, 2809], [1, 16013, 110, 1623, 2713, 2809], [1, 16013, 110, 28433, 28449, 2809], [1, 16013, 110, 43288, 1685, 2809], [1, 16013, 1206, 2772, 1666, 2809], [1, 16013, 1206, 2772, 44986, 2809], [1, 16013, 1206, 28433, 28449, 2809], [1, 16013, 1276, 1623, 2713, 2809], [1, 16013, 1276, 2772, 1666, 2809], [1, 16013, 1276, 2772, 44986, 2809], [1, 16013, 1276, 28433, 28449, 2809], [1, 16013, 1614, 1623, 2713, 2809], [1, 16013, 1614, 2772, 1666, 2809], [1, 16013, 1614, 2772, 44986, 2809], [1, 16013, 1614, 22997, 1685, 2809], [1, 16013, 1614, 22997, 2713, 2809], [1, 16013, 1614, 28433, 28449, 2809], [1, 16013, 2508, 1623, 2713, 2809], [1, 16013, 2508, 43288, 1685, 2809], [1, 16013, 11239, 22997, 1685, 2809], [1, 16013, 11239, 22997, 2713, 2809], [1, 17414, 2271, 1623, 2713, 2809], [1, 19932, 110, 1623, 2713, 2809], [1, 19932, 110, 28433, 28449, 2809], [1, 19932, 110, 43288, 1685, 2809], [1, 19932, 2271, 1623, 2713, 2809], [1, 19932, 3828, 2772, 1666, 2809], [1, 19932, 3828, 2772, 44986, 2809], [1, 19932, 26207, 28433, 28449, 2809], [1, 19932, 26207, 43288, 1685, 2809], [1, 19932, 26207, 1623, 2713, 2809], [1, 19932, 26207, 22997, 1685, 2809], [1, 19932, 26207, 22997, 2713, 2809], [1, 44238, 3828, 2772, 1666, 2809], [1, 44238, 3828, 2772, 44986, 2809], [1, 46814, 3828, 2772, 1666, 2809], [1, 46814, 3828, 2772, 44986, 2809], [1, 49698, 110, 1623, 2713, 2809], [1, 49698, 110, 28433, 28449, 2809], [1, 49698, 110, 43288, 1685, 2809], [1, 49698, 429, 1623, 2713, 2809], [1, 49698, 429, 2772, 1666, 2809], [1, 49698, 429, 2772, 44986, 2809], [1, 49698, 429, 22997, 1685, 2809], [1, 49698, 429, 22997, 2713, 2809], [1, 49698, 429, 43288, 1685, 2809], [1, 49698, 1033, 1623, 2713, 2809], [1, 49698, 1033, 2772, 1666, 2809], [1, 49698, 1033, 2772, 44986, 2809], [1, 49698, 1033, 22997, 1685, 2809], [1, 49698, 1033, 22997, 2713, 2809], [1, 49698, 1033, 28433, 28449, 2809], [1, 49698, 1033, 43288, 1685, 2809], [1, 49698, 1108, 1623, 2713, 2809], [1, 49698, 1108, 22997, 1685, 2809], [1, 49698, 1108, 22997, 2713, 2809], [1, 49698, 1206, 2772, 1666, 2809], [1, 49698, 1206, 2772, 44986, 2809], [1, 49698, 1206, 28433, 28449, 2809], [1, 49698, 1276, 1623, 2713, 2809], [1, 49698, 1276, 2772, 1666, 2809], [1, 49698, 1276, 2772, 44986, 2809], [1, 49698, 1276, 28433, 28449, 2809], [1, 49698, 1614, 1623, 2713, 2809], [1, 49698, 1614, 2772, 1666, 2809], [1, 49698, 1614, 2772, 44986, 2809], [1, 49698, 1614, 22997, 1685, 2809], [1, 49698, 1614, 22997, 2713, 2809], [1, 49698, 1614, 28433, 28449, 2809], [1, 49698, 1723, 2772, 1666, 2809], [1, 49698, 1723, 2772, 44986, 2809], [1, 49698, 1723, 22997, 1685, 2809], [1, 49698, 1723, 22997, 2713, 2809], [1, 49698, 1723, 28433, 28449, 2809], [1, 49698, 1723, 43288, 1685, 2809], [1, 49698, 1723, 1623, 2713, 2809], [1, 49698, 2267, 1623, 2713, 2809], [1, 49698, 2267, 2772, 1666, 2809], [1, 49698, 2267, 2772, 44986, 2809], [1, 49698, 2267, 22997, 1685, 2809], [1, 49698, 2267, 22997, 2713, 2809], [1, 49698, 2267, 28433, 28449, 2809], [1, 49698, 2411, 2772, 1666, 2809], [1, 49698, 2411, 2772, 44986, 2809], [1, 49698, 2411, 28433, 28449, 2809], [1, 49698, 2508, 1623, 2713, 2809], [1, 49698, 2508, 2772, 1666, 2809], [1, 49698, 2508, 2772, 44986, 2809], [1, 49698, 2508, 22997, 1685, 2809], [1, 49698, 2508, 22997, 2713, 2809], [1, 49698, 2508, 28433, 28449, 2809], [1, 49698, 2508, 43288, 1685, 2809], [1, 49698, 2716, 1623, 2713, 2809], [1, 49698, 2716, 2772, 1666, 2809], [1, 49698, 2716, 2772, 44986, 2809], [1, 49698, 2716, 22997, 1685, 2809], [1, 49698, 2716, 22997, 2713, 2809], [1, 49698, 2716, 28433, 28449, 2809], [1, 49698, 2716, 43288, 1685, 2809], [1, 49698, 3530, 22997, 1685, 2809], [1, 49698, 3530, 22997, 2713, 2809], [1, 49698, 3530, 1623, 2713, 2809], [1, 49698, 11083, 22997, 1685, 2809], [1, 49698, 11083, 22997, 2713, 2809], [1, 49698, 11083, 28433, 28449, 2809], [1, 49698, 11083, 43288, 1685, 2809], [1, 49698, 11239, 22997, 1685, 2809], [1, 49698, 11239, 22997, 2713, 2809], [1, 49698, 18306, 22997, 1685, 2809], [1, 49698, 18306, 22997, 2713, 2809], [1, 49698, 18306, 28433, 28449, 2809], [1, 49698, 18306, 1623, 2713, 2809], [1, 49698, 20201, 22997, 1685, 2809], [1, 49698, 20201, 22997, 2713, 2809], [1, 49698, 20201, 28433, 28449, 2809], [1, 49698, 20201, 43288, 1685, 2809], [1, 49698, 20201, 2772, 1666, 2809], [1, 49698, 20201, 2772, 44986, 2809], [1, 49698, 20822, 1623, 2713, 2809], [1, 49698, 20822, 43288, 1685, 2809], [1, 49698, 22467, 22997, 1685, 2809], [1, 49698, 22467, 22997, 2713, 2809], [1, 49698, 22467, 28433, 28449, 2809], [1, 49698, 22467, 43288, 1685, 2809], [1, 49698, 22467, 1623, 2713, 2809], [1, 49698, 25160, 22997, 1685, 2809], [1, 49698, 25160, 22997, 2713, 2809], [1, 49698, 27029, 28433, 28449, 2809], [1, 49698, 27029, 43288, 1685, 2809], [1, 49698, 27029, 22997, 1685, 2809], [1, 49698, 27029, 22997, 2713, 2809], [1, 49698, 38262, 22997, 1685, 2809], [1, 49698, 38262, 22997, 2713, 2809], [1, 49698, 38262, 43288, 1685, 2809]]
